Query,IsWarmup,Millis,PreMillis,JoinMillis,MatMillis,PostMillis,FilterMillis,IndexMillis,GroupByMillis,AggregateMillis,HavingMillis,OrderMillis,Tuples,Samples,Lookups,NrIndexEntries,nrUniqueLookups,NrPlans,JoinCard,AvgReward,MaxReward,TotalWork,DataSize,UctSize,StateSize,JoinSize
q21.sql,true,22038,2712,935,55,13,391,2321,0,0,0,0,0,1361,0,0,0,0,39445,0.0,0.0,0.0,0,0,0,0
q21.sql,false,2975,1434,1497,37,7,377,1057,0,0,0,0,0,1441,0,0,0,0,39445,0.0,0.0,0.0,0,0,0,0
q20.sql,true,13,13,0,0,0,13,0,0,0,0,0,0,0,0,0,0,0,21999,0.0,0.0,0.0,0,0,0,0
q20.sql,true,512,68,0,0,444,68,0,0,0,0,0,0,0,0,0,0,0,9099165,0.0,0.0,0.0,0,0,0,0
q20.sql,true,1488,990,476,22,0,0,990,0,0,0,0,0,3378,0,0,0,0,59593,0.0,0.0,0.0,0,0,0,0
q20.sql,true,14,6,6,1,1,1,5,0,0,0,1,0,3,0,0,0,0,1800,0.0,0.0,0.0,0,0,0,0
q20.sql,false,13,13,0,0,0,13,0,0,0,0,0,0,0,0,0,0,0,21999,0.0,0.0,0.0,0,0,0,0
q20.sql,false,482,47,0,0,435,47,0,0,0,0,0,0,0,0,0,0,0,9099165,0.0,0.0,0.0,0,0,0,0
q20.sql,false,1237,1060,153,24,0,0,1060,0,0,0,0,0,3679,0,0,0,0,59593,0.0,0.0,0.0,0,0,0,0
q20.sql,false,10,6,1,2,1,1,5,0,0,0,1,0,3,0,0,0,0,1800,0.0,0.0,0.0,0,0,0,0
q19.sql,true,1626,1380,225,2,19,309,1071,0,19,0,0,0,1275,0,0,0,0,1117,0.0,0.0,0.0,0,0,0,0
q19.sql,false,1045,983,60,1,1,282,701,0,1,0,0,0,1262,0,0,0,0,1117,0.0,0.0,0.0,0,0,0,0
q18.sql,true,426,0,0,0,426,0,0,0,0,0,0,0,0,0,0,0,0,59986052,0.0,0.0,0.0,0,0,0,0
q18.sql,true,190,1,182,0,7,0,1,0,0,0,0,0,6505,0,0,0,0,693,0.0,0.0,0.0,0,0,0,0
q18.sql,false,423,0,0,0,423,0,0,0,0,0,0,0,0,0,0,0,0,59986052,0.0,0.0,0.0,0,0,0,0
q18.sql,false,189,0,185,2,2,0,0,0,0,0,0,0,6490,0,0,0,0,693,0.0,0.0,0.0,0,0,0,0
q17.sql,true,488,0,0,0,488,0,0,0,488,0,0,0,0,0,0,0,0,59986052,0.0,0.0,0.0,0,0,0,0
q17.sql,true,187,143,40,2,2,3,140,0,2,0,0,0,22,0,0,0,0,5380,0.0,0.0,0.0,0,0,0,0
q17.sql,false,58,0,0,0,58,0,0,0,58,0,0,0,0,0,0,0,0,59986052,0.0,0.0,0.0,0,0,0,0
q17.sql,false,154,145,6,2,1,5,140,0,1,0,0,0,24,0,0,0,0,5380,0.0,0.0,0.0,0,0,0,0
q16.sql,true,4,4,0,0,0,4,0,0,0,0,0,0,0,0,0,0,0,56,0.0,0.0,0.0,0,0,0,0
q16.sql,true,2177,0,588,1163,426,0,0,0,426,0,0,0,3124,0,0,0,0,7995520,0.0,0.0,0.0,0,0,0,0
q16.sql,false,4,4,0,0,0,4,0,0,0,0,0,0,0,0,0,0,0,56,0.0,0.0,0.0,0,0,0,0
q16.sql,false,1405,0,208,1088,109,0,0,0,109,0,0,0,3171,0,0,0,0,7995520,0.0,0.0,0.0,0,0,0,0
q14.sql,true,703,185,31,201,285,171,14,0,285,0,0,0,438,0,0,0,0,772831,0.0,0.0,0.0,0,0,0,0
q14.sql,false,379,185,31,73,90,171,14,0,90,0,0,0,440,0,0,0,0,772831,0.0,0.0,0.0,0,0,0,0
q12.sql,true,266,90,15,29,132,88,2,4,97,31,0,0,178,0,0,0,0,311400,0.0,0.0,0.0,0,0,0,0
q12.sql,false,210,80,15,26,88,79,1,7,70,11,0,0,178,0,0,0,0,311400,0.0,0.0,0.0,0,0,0,0
q11.sql,true,61,1,9,32,19,1,0,0,19,0,0,0,50,0,0,0,0,320560,0.0,0.0,0.0,0,0,0,0
q11.sql,true,364,1,177,176,10,1,0,0,19,0,0,0,78,0,0,0,0,320560,0.0,0.0,0.0,0,0,0,0
q11.sql,false,94,1,24,30,39,0,1,0,39,0,0,0,50,0,0,0,0,320560,0.0,0.0,0.0,0,0,0,0
q11.sql,false,104,0,59,35,9,0,0,0,39,0,0,0,55,0,0,0,0,320560,0.0,0.0,0.0,0,0,0,0
q10.sql,true,844,163,126,116,439,102,61,0,0,0,0,0,896,0,0,0,0,1120704,0.0,0.0,0.0,0,0,0,0
q10.sql,false,796,136,76,164,420,76,60,0,0,0,0,0,897,0,0,0,0,1120704,0.0,0.0,0.0,0,0,0,0
q09.sql,false,1235,18,512,674,31,18,0,0,0,0,0,0,6625,0,0,0,0,3264524,0.0,0.0,0.0,0,0,0,0
q08.sql,true,697,114,481,5,97,36,78,0,97,0,0,0,946,0,0,0,0,24064,0.0,0.0,0.0,0,0,0,0
q08.sql,true,12,0,0,0,12,0,0,5,5,2,0,0,0,0,0,0,0,24064,0.0,0.0,0.0,0,0,0,0
q08.sql,false,178,104,47,5,22,27,77,0,22,0,0,0,548,0,0,0,0,24064,0.0,0.0,0.0,0,0,0,0
q08.sql,false,13,0,0,0,13,0,0,5,5,3,0,0,0,0,0,0,0,24064,0.0,0.0,0.0,0,0,0,0
q07.sql,true,731,470,236,6,19,144,326,0,19,0,0,0,2360,0,0,0,0,59996,0.0,0.0,0.0,0,0,0,0
q07.sql,true,2,0,0,0,2,0,0,0,19,0,0,0,0,0,0,0,0,59996,0.0,0.0,0.0,0,0,0,0
q07.sql,false,677,486,163,7,21,177,309,0,21,0,0,0,1758,0,0,0,0,59996,0.0,0.0,0.0,0,0,0,0
q07.sql,false,2,0,0,0,2,0,0,0,21,0,0,0,0,0,0,0,0,59996,0.0,0.0,0.0,0,0,0,0
q06.sql,true,122,76,0,0,46,76,0,0,46,0,0,0,0,0,0,0,0,1140618,0.0,0.0,0.0,0,0,0,0
q06.sql,false,119,73,0,0,46,73,0,0,46,0,0,0,0,0,0,0,0,1140618,0.0,0.0,0.0,0,0,0,0
q05.sql,true,735,53,674,7,1,10,43,0,0,0,0,0,7821,0,0,0,0,72985,0.0,0.0,0.0,0,0,0,0
q05.sql,false,916,54,848,12,1,11,43,0,0,0,0,0,9827,0,0,0,0,72985,0.0,0.0,0.0,0,0,0,0
q04.sql,true,133,7,83,41,2,4,3,0,0,0,0,0,269,0,0,0,0,526571,0.0,0.0,0.0,0,0,0,0
q04.sql,false,113,7,37,67,2,4,3,0,0,0,0,0,272,0,0,0,0,526571,0.0,0.0,0.0,0,0,0,0
q03.sql,true,693,460,93,48,92,249,211,0,0,0,0,0,813,0,0,0,0,304063,0.0,0.0,0.0,0,0,0,0
q03.sql,false,685,470,90,31,94,245,225,0,0,0,0,0,812,0,0,0,0,304063,0.0,0.0,0.0,0,0,0,0
q02.sql,true,255,1,65,140,49,0,1,0,0,0,0,0,314,0,0,0,0,1603360,0.0,0.0,0.0,0,0,0,0
q02.sql,true,279,160,114,2,3,3,157,0,0,0,3,0,59,0,0,0,0,4830,0.0,0.0,0.0,0,0,0,0
q02.sql,false,292,1,90,154,47,1,0,0,0,0,0,0,297,0,0,0,0,1603360,0.0,0.0,0.0,0,0,0,0
q02.sql,false,169,160,4,2,3,3,157,0,0,0,3,0,63,0,0,0,0,4830,0.0,0.0,0.0,0,0,0,0
q01.sql,true,948,590,0,0,358,590,0,0,0,0,0,0,0,0,0,0,0,59444244,0.0,0.0,0.0,0,0,0,0
q01.sql,false,929,568,0,0,361,568,0,0,0,0,0,0,0,0,0,0,0,59444244,0.0,0.0,0.0,0,0,0,0
