Query,IsWarmup,Millis,PreMillis,JoinMillis,MatMillis,PostMillis,FilterMillis,IndexMillis,GroupByMillis,AggregateMillis,HavingMillis,OrderMillis,Tuples,Samples,Lookups,NrIndexEntries,nrUniqueLookups,NrPlans,JoinCard,AvgReward,MaxReward,TotalWork,DataSize,UctSize,StateSize,JoinSize
q21.sql,true,23442,3533,1484,62,17,505,3028,0,0,0,0,0,7968,0,0,0,0,39445,0.0,0.0,0.0,0,0,0,0
q21.sql,false,3480,2525,913,36,4,489,2036,0,0,0,0,0,6680,0,0,0,0,39445,0.0,0.0,0.0,0,0,0,0
q20.sql,true,40,39,0,0,0,39,0,0,0,0,0,0,0,0,0,0,0,21999,0.0,0.0,0.0,0,0,0,0
q20.sql,true,1236,176,0,0,1060,176,0,0,0,0,0,0,0,0,0,0,0,9099165,0.0,0.0,0.0,0,0,0,0
q20.sql,true,3128,1135,1942,51,0,0,1135,0,0,0,0,0,20212,0,0,0,0,59593,0.0,0.0,0.0,0,0,0,0
q20.sql,true,22,5,13,2,2,0,5,0,0,0,2,0,18,0,0,0,0,1800,0.0,0.0,0.0,0,0,0,0
q20.sql,false,30,30,0,0,0,30,0,0,0,0,0,0,0,0,0,0,0,21999,0.0,0.0,0.0,0,0,0,0
q20.sql,false,1130,103,0,0,1027,103,0,0,0,0,0,0,0,0,0,0,0,9099165,0.0,0.0,0.0,0,0,0,0
q20.sql,false,1580,961,597,21,0,0,961,0,0,0,0,0,20265,0,0,0,0,59593,0.0,0.0,0.0,0,0,0,0
q20.sql,false,9,5,2,1,1,0,5,0,0,0,1,0,15,0,0,0,0,1800,0.0,0.0,0.0,0,0,0,0
q19.sql,true,1887,1142,719,6,20,311,831,0,20,0,0,0,7611,0,0,0,0,1117,0.0,0.0,0.0,0,0,0,0
q19.sql,false,1543,882,658,1,2,302,580,0,2,0,0,0,10660,0,0,0,0,1117,0.0,0.0,0.0,0,0,0,0
q18.sql,true,519,0,0,0,519,0,0,0,0,0,0,0,0,0,0,0,0,59986052,0.0,0.0,0.0,0,0,0,0
q18.sql,true,737,1,731,1,4,0,1,0,0,0,0,0,37496,0,0,0,0,693,0.0,0.0,0.0,0,0,0,0
q18.sql,false,515,0,0,0,515,0,0,0,0,0,0,0,0,0,0,0,0,59986052,0.0,0.0,0.0,0,0,0,0
q18.sql,false,726,0,724,0,2,0,0,0,0,0,0,0,37439,0,0,0,0,693,0.0,0.0,0.0,0,0,0,0
q17.sql,true,375,0,0,0,375,0,0,0,375,0,0,0,0,0,0,0,0,59986052,0.0,0.0,0.0,0,0,0,0
q17.sql,true,219,167,48,2,1,2,165,0,1,0,0,0,80,0,0,0,0,5380,0.0,0.0,0.0,0,0,0,0
q17.sql,false,58,0,0,0,58,0,0,0,58,0,0,0,0,0,0,0,0,59986052,0.0,0.0,0.0,0,0,0,0
q17.sql,false,164,149,11,3,1,5,144,0,1,0,0,0,97,0,0,0,0,5380,0.0,0.0,0.0,0,0,0,0
q16.sql,true,10,10,0,0,0,10,0,0,0,0,0,0,0,0,0,0,0,56,0.0,0.0,0.0,0,0,0,0
q16.sql,true,3451,0,1658,1338,455,0,0,0,454,0,0,0,14854,0,0,0,0,7995520,0.0,0.0,0.0,0,0,0,0
q16.sql,false,10,10,0,0,0,10,0,0,0,0,0,0,0,0,0,0,0,56,0.0,0.0,0.0,0,0,0,0
q16.sql,false,3229,0,1166,1944,119,0,0,0,119,0,0,0,14294,0,0,0,0,7995520,0.0,0.0,0.0,0,0,0,0
q14.sql,true,908,153,218,241,296,111,42,0,296,0,0,0,2708,0,0,0,0,772831,0.0,0.0,0.0,0,0,0,0
q14.sql,false,955,398,212,194,151,356,42,0,151,0,0,0,2718,0,0,0,0,772831,0.0,0.0,0.0,0,0,0,0
q12.sql,true,381,122,98,68,93,120,2,7,64,22,0,0,1095,0,0,0,0,311400,0.0,0.0,0.0,0,0,0,0
q12.sql,false,403,117,96,73,117,115,2,10,97,10,0,0,1105,0,0,0,0,311400,0.0,0.0,0.0,0,0,0,0
q11.sql,true,158,0,61,46,51,0,0,0,51,0,0,0,338,0,0,0,0,320560,0.0,0.0,0.0,0,0,0,0
q11.sql,true,535,1,148,360,26,1,0,0,51,0,0,0,320,0,0,0,0,320560,0.0,0.0,0.0,0,0,0,0
q11.sql,false,154,0,69,72,13,0,0,0,13,0,0,0,345,0,0,0,0,320560,0.0,0.0,0.0,0,0,0,0
q11.sql,false,166,1,69,73,23,1,0,0,13,0,0,0,999,0,0,0,0,320560,0.0,0.0,0.0,0,0,0,0
q10.sql,true,1219,170,453,155,441,84,86,0,0,0,0,0,5853,0,0,0,0,1120704,0.0,0.0,0.0,0,0,0,0
q10.sql,false,1716,537,551,185,443,112,425,0,0,0,0,0,5866,0,0,0,0,1120704,0.0,0.0,0.0,0,0,0,0
q09.sql,false,4318,59,3443,695,121,59,0,0,0,0,0,0,45184,0,0,0,0,3264524,0.0,0.0,0.0,0,0,0,0
q08.sql,true,557,251,197,4,105,31,220,0,105,0,0,0,2708,0,0,0,0,24064,0.0,0.0,0.0,0,0,0,0
q08.sql,true,10,0,0,0,9,0,0,2,5,2,0,0,0,0,0,0,0,24064,0.0,0.0,0.0,0,0,0,0
q08.sql,false,461,249,189,5,18,28,221,0,18,0,0,0,2622,0,0,0,0,24064,0.0,0.0,0.0,0,0,0,0
q08.sql,false,9,0,0,0,9,0,0,2,5,2,0,0,0,0,0,0,0,24064,0.0,0.0,0.0,0,0,0,0
q07.sql,true,2079,996,1046,9,28,164,832,0,28,0,0,0,11410,0,0,0,0,59996,0.0,0.0,0.0,0,0,0,0
q07.sql,true,2,0,0,0,2,0,0,0,28,0,0,0,0,0,0,0,0,59996,0.0,0.0,0.0,0,0,0,0
q07.sql,false,2149,970,1130,12,37,149,821,0,37,0,0,0,13666,0,0,0,0,59996,0.0,0.0,0.0,0,0,0,0
q07.sql,false,2,0,0,0,2,0,0,0,37,0,0,0,0,0,0,0,0,59996,0.0,0.0,0.0,0,0,0,0
q06.sql,true,204,154,0,0,49,154,0,0,49,0,0,0,0,0,0,0,0,1140618,0.0,0.0,0.0,0,0,0,0
q06.sql,false,205,160,0,0,45,160,0,0,45,0,0,0,0,0,0,0,0,1140618,0.0,0.0,0.0,0,0,0,0
q05.sql,true,2922,133,2776,12,1,13,120,0,0,0,0,0,47082,0,0,0,0,72985,0.0,0.0,0.0,0,0,0,0
q05.sql,false,4551,132,4404,14,1,13,119,0,0,0,0,0,52609,0,0,0,0,72985,0.0,0.0,0.0,0,0,0,0
q04.sql,true,317,8,223,81,5,5,3,0,0,0,0,0,1279,0,0,0,0,526571,0.0,0.0,0.0,0,0,0,0
q04.sql,false,267,9,181,72,5,5,4,0,0,0,0,0,1300,0,0,0,0,526571,0.0,0.0,0.0,0,0,0,0
q03.sql,true,1636,810,676,59,91,336,474,0,0,0,0,0,5525,0,0,0,0,304063,0.0,0.0,0.0,0,0,0,0
q03.sql,false,1514,732,633,65,84,284,448,0,0,0,0,0,5554,0,0,0,0,304063,0.0,0.0,0.0,0,0,0,0
q02.sql,true,1084,0,625,331,128,0,0,0,0,0,0,0,2746,0,0,0,0,1603360,0.0,0.0,0.0,0,0,0,0
q02.sql,true,232,156,71,2,2,2,154,0,0,0,2,0,108,0,0,0,0,4830,0.0,0.0,0.0,0,0,0,0
q02.sql,false,983,0,613,245,125,0,0,0,0,0,0,0,2274,0,0,0,0,1603360,0.0,0.0,0.0,0,0,0,0
q02.sql,false,171,157,10,1,3,2,155,0,0,0,2,0,133,0,0,0,0,4830,0.0,0.0,0.0,0,0,0,0
q01.sql,true,2520,1108,0,0,1411,1108,0,0,0,0,0,0,0,0,0,0,0,59444244,0.0,0.0,0.0,0,0,0,0
q01.sql,false,2528,1113,0,0,1415,1113,0,0,0,0,0,0,0,0,0,0,0,59444244,0.0,0.0,0.0,0,0,0,0
