Query,IsWarmup,Millis,PreMillis,JoinMillis,MatMillis,PostMillis,FilterMillis,IndexMillis,GroupByMillis,AggregateMillis,HavingMillis,OrderMillis,Tuples,Samples,Lookups,NrIndexEntries,nrUniqueLookups,NrPlans,JoinCard,AvgReward,MaxReward,TotalWork,DataSize,UctSize,StateSize,JoinSize
q21.sql,true,21737,2632,786,38,12,391,2241,0,0,0,0,0,1200,0,0,0,0,39445,0.0,0.0,0.0,0,0,0,0
q21.sql,false,1722,1352,352,13,4,378,974,0,0,0,0,0,1456,0,0,0,0,39445,0.0,0.0,0.0,0,0,0,0
q20.sql,true,13,12,0,0,0,12,0,0,0,0,0,0,0,0,0,0,0,21999,0.0,0.0,0.0,0,0,0,0
q20.sql,true,611,146,0,0,465,146,0,0,0,0,0,0,0,0,0,0,0,9099165,0.0,0.0,0.0,0,0,0,0
q20.sql,true,2959,1395,1546,18,0,1,1394,0,0,0,0,0,3378,0,0,0,0,59593,0.0,0.0,0.0,0,0,0,0
q20.sql,true,14,6,4,3,1,1,5,0,0,0,1,0,3,0,0,0,0,1800,0.0,0.0,0.0,0,0,0,0
q20.sql,false,13,13,0,0,0,13,0,0,0,0,0,0,0,0,0,0,0,21999,0.0,0.0,0.0,0,0,0,0
q20.sql,false,497,63,0,0,434,63,0,0,0,0,0,0,0,0,0,0,0,9099165,0.0,0.0,0.0,0,0,0,0
q20.sql,false,1211,1060,131,20,0,0,1060,0,0,0,0,0,3406,0,0,0,0,59593,0.0,0.0,0.0,0,0,0,0
q20.sql,false,10,6,2,1,1,1,5,0,0,0,1,0,17,0,0,0,0,1800,0.0,0.0,0.0,0,0,0,0
q19.sql,true,1878,1612,243,2,20,300,1312,0,20,0,0,0,1230,0,0,0,0,1117,0.0,0.0,0.0,0,0,0,0
q19.sql,false,1030,974,54,1,1,299,675,0,1,0,0,0,1239,0,0,0,0,1117,0.0,0.0,0.0,0,0,0,0
q18.sql,true,425,0,0,0,425,0,0,0,0,0,0,0,0,0,0,0,0,59986052,0.0,0.0,0.0,0,0,0,0
q18.sql,true,145,0,138,1,6,0,0,0,0,0,0,0,6577,0,0,0,0,693,0.0,0.0,0.0,0,0,0,0
q18.sql,false,423,0,0,0,423,0,0,0,0,0,0,0,0,0,0,0,0,59986052,0.0,0.0,0.0,0,0,0,0
q18.sql,false,135,0,132,0,3,0,0,0,0,0,0,0,6526,0,0,0,0,693,0.0,0.0,0.0,0,0,0,0
q17.sql,true,197,1,0,0,196,1,0,0,196,0,0,0,0,0,0,0,0,59986052,0.0,0.0,0.0,0,0,0,0
q17.sql,true,175,141,30,3,1,2,139,0,1,0,0,0,21,0,0,0,0,5380,0.0,0.0,0.0,0,0,0,0
q17.sql,false,62,0,0,0,62,0,0,0,62,0,0,0,0,0,0,0,0,59986052,0.0,0.0,0.0,0,0,0,0
q17.sql,false,155,149,4,1,1,5,144,0,1,0,0,0,30,0,0,0,0,5380,0.0,0.0,0.0,0,0,0,0
q16.sql,true,4,4,0,0,0,4,0,0,0,0,0,0,0,0,0,0,0,56,0.0,0.0,0.0,0,0,0,0
q16.sql,true,1653,0,445,722,486,0,0,0,486,0,0,0,3124,0,0,0,0,7995520,0.0,0.0,0.0,0,0,0,0
q16.sql,false,4,4,0,0,0,4,0,0,0,0,0,0,0,0,0,0,0,56,0.0,0.0,0.0,0,0,0,0
q16.sql,false,1818,0,224,1484,110,0,0,0,110,0,0,0,3262,0,0,0,0,7995520,0.0,0.0,0.0,0,0,0,0
q14.sql,true,657,170,33,204,250,155,15,0,250,0,0,0,439,0,0,0,0,772831,0.0,0.0,0.0,0,0,0,0
q14.sql,false,518,289,31,110,88,274,15,0,88,0,0,0,437,0,0,0,0,772831,0.0,0.0,0.0,0,0,0,0
q12.sql,true,258,101,16,29,112,99,2,4,77,31,0,0,187,0,0,0,0,311400,0.0,0.0,0.0,0,0,0,0
q12.sql,false,230,80,16,26,107,79,1,7,89,11,0,0,186,0,0,0,0,311400,0.0,0.0,0.0,0,0,0,0
q11.sql,true,55,1,10,32,12,1,0,0,12,0,0,0,50,0,0,0,0,320560,0.0,0.0,0.0,0,0,0,0
q11.sql,true,158,1,82,65,10,1,0,0,12,0,0,0,86,0,0,0,0,320560,0.0,0.0,0.0,0,0,0,0
q11.sql,false,79,1,9,30,39,1,0,0,39,0,0,0,49,0,0,0,0,320560,0.0,0.0,0.0,0,0,0,0
q11.sql,false,57,1,13,33,10,1,0,0,39,0,0,0,64,0,0,0,0,320560,0.0,0.0,0.0,0,0,0,0
q10.sql,true,815,156,145,107,407,84,72,0,0,0,0,0,972,0,0,0,0,1120704,0.0,0.0,0.0,0,0,0,0
q10.sql,false,734,134,75,113,411,75,59,0,0,0,0,0,917,0,0,0,0,1120704,0.0,0.0,0.0,0,0,0,0
q09.sql,false,909,18,495,364,32,18,0,0,0,0,0,0,6608,0,0,0,0,3264524,0.0,0.0,0.0,0,0,0,0
q08.sql,true,223,111,50,2,60,26,85,0,60,0,0,0,641,0,0,0,0,24064,0.0,0.0,0.0,0,0,0,0
q08.sql,true,9,0,0,0,9,0,0,2,5,2,0,0,0,0,0,0,0,24064,0.0,0.0,0.0,0,0,0,0
q08.sql,false,168,109,44,4,11,26,83,0,11,0,0,0,526,0,0,0,0,24064,0.0,0.0,0.0,0,0,0,0
q08.sql,false,13,0,0,0,13,0,0,5,5,3,0,0,0,0,0,0,0,24064,0.0,0.0,0.0,0,0,0,0
q07.sql,true,1152,796,306,11,39,138,658,0,39,0,0,0,2605,0,0,0,0,59996,0.0,0.0,0.0,0,0,0,0
q07.sql,true,2,0,0,0,2,0,0,0,39,0,0,0,0,0,0,0,0,59996,0.0,0.0,0.0,0,0,0,0
q07.sql,false,761,500,203,35,23,192,308,0,23,0,0,0,2025,0,0,0,0,59996,0.0,0.0,0.0,0,0,0,0
q07.sql,false,1,0,0,0,1,0,0,0,23,0,0,0,0,0,0,0,0,59996,0.0,0.0,0.0,0,0,0,0
q06.sql,true,165,76,0,0,89,76,0,0,89,0,0,0,0,0,0,0,0,1140618,0.0,0.0,0.0,0,0,0,0
q06.sql,false,127,75,0,0,52,75,0,0,52,0,0,0,0,0,0,0,0,1140618,0.0,0.0,0.0,0,0,0,0
q05.sql,true,858,52,793,12,1,11,41,0,0,0,0,0,9760,0,0,0,0,72985,0.0,0.0,0.0,0,0,0,0
q05.sql,false,606,51,540,14,1,11,40,0,0,0,0,0,6897,0,0,0,0,72985,0.0,0.0,0.0,0,0,0,0
q04.sql,true,139,7,87,43,2,4,3,0,0,0,0,0,270,0,0,0,0,526571,0.0,0.0,0.0,0,0,0,0
q04.sql,false,88,7,38,41,2,4,3,0,0,0,0,0,272,0,0,0,0,526571,0.0,0.0,0.0,0,0,0,0
q03.sql,true,712,504,93,27,88,284,220,0,0,0,0,0,812,0,0,0,0,304063,0.0,0.0,0.0,0,0,0,0
q03.sql,false,687,481,93,29,84,270,211,0,0,0,0,0,813,0,0,0,0,304063,0.0,0.0,0.0,0,0,0,0
q02.sql,true,336,1,64,222,49,1,0,0,0,0,0,0,280,0,0,0,0,1603360,0.0,0.0,0.0,0,0,0,0
q02.sql,true,279,157,117,1,4,3,154,0,0,0,4,0,60,0,0,0,0,4830,0.0,0.0,0.0,0,0,0,0
q02.sql,false,269,1,69,151,48,1,0,0,0,0,0,0,268,0,0,0,0,1603360,0.0,0.0,0.0,0,0,0,0
q02.sql,false,162,153,5,1,3,3,150,0,0,0,3,0,62,0,0,0,0,4830,0.0,0.0,0.0,0,0,0,0
q01.sql,true,949,588,0,0,361,588,0,0,0,0,0,0,0,0,0,0,0,59444244,0.0,0.0,0.0,0,0,0,0
q01.sql,false,939,580,0,0,359,580,0,0,0,0,0,0,0,0,0,0,0,59444244,0.0,0.0,0.0,0,0,0,0
