Query,IsWarmup,Millis,PreMillis,JoinMillis,MatMillis,PostMillis,FilterMillis,IndexMillis,GroupByMillis,AggregateMillis,HavingMillis,OrderMillis,Tuples,Samples,Lookups,NrIndexEntries,nrUniqueLookups,NrPlans,JoinCard,AvgReward,MaxReward,TotalWork,DataSize,UctSize,StateSize,JoinSize
q21.sql,true,21754,2702,770,51,14,378,2324,0,0,0,0,0,991,0,0,0,0,39445,0.0,0.0,0.0,0,0,0,0
q21.sql,false,2768,1322,1429,12,5,360,962,0,0,0,0,0,876,0,0,0,0,39445,0.0,0.0,0.0,0,0,0,0
q20.sql,true,12,11,0,0,0,11,0,0,0,0,0,0,0,0,0,0,0,21999,0.0,0.0,0.0,0,0,0,0
q20.sql,true,463,79,0,0,384,78,1,0,0,0,0,0,0,0,0,0,0,9099165,0.0,0.0,0.0,0,0,0,0
q20.sql,true,1508,1054,439,15,0,0,1054,0,0,0,0,0,2175,0,0,0,0,59593,0.0,0.0,0.0,0,0,0,0
q20.sql,true,14,7,4,1,2,2,5,0,1,0,1,0,7,0,0,0,0,1800,0.0,0.0,0.0,0,0,0,0
q20.sql,false,13,13,0,0,0,13,0,0,0,0,0,0,0,0,0,0,0,21999,0.0,0.0,0.0,0,0,0,0
q20.sql,false,402,46,0,0,356,46,0,0,0,0,0,0,0,0,0,0,0,9099165,0.0,0.0,0.0,0,0,0,0
q20.sql,false,1205,1033,153,19,0,0,1033,0,0,0,0,0,2514,0,0,0,0,59593,0.0,0.0,0.0,0,0,0,0
q20.sql,false,11,7,2,1,1,2,5,0,0,0,1,0,13,0,0,0,0,1800,0.0,0.0,0.0,0,0,0,0
q19.sql,true,1880,1706,153,2,19,325,1381,0,19,0,0,0,785,0,0,0,0,1117,0.0,0.0,0.0,0,0,0,0
q19.sql,false,1413,1367,43,1,2,293,1074,0,2,0,0,0,790,0,0,0,0,1117,0.0,0.0,0.0,0,0,0,0
q18.sql,true,414,0,0,0,414,0,0,0,0,0,0,0,0,0,0,0,0,59986052,0.0,0.0,0.0,0,0,0,0
q18.sql,true,145,0,138,1,6,0,0,0,0,0,0,0,4234,0,0,0,0,693,0.0,0.0,0.0,0,0,0,0
q18.sql,false,414,0,0,0,414,0,0,0,0,0,0,0,0,0,0,0,0,59986052,0.0,0.0,0.0,0,0,0,0
q18.sql,false,146,0,141,1,3,0,0,0,0,0,0,0,4281,0,0,0,0,693,0.0,0.0,0.0,0,0,0,0
q17.sql,true,173,0,0,0,173,0,0,0,173,0,0,0,0,0,0,0,0,59986052,0.0,0.0,0.0,0,0,0,0
q17.sql,true,176,142,29,4,1,3,139,0,1,0,0,0,16,0,0,0,0,5380,0.0,0.0,0.0,0,0,0,0
q17.sql,false,58,0,0,0,58,0,0,0,58,0,0,0,0,0,0,0,0,59986052,0.0,0.0,0.0,0,0,0,0
q17.sql,false,156,148,4,3,1,6,142,0,1,0,0,0,17,0,0,0,0,5380,0.0,0.0,0.0,0,0,0,0
q16.sql,true,4,4,0,0,0,4,0,0,0,0,0,0,0,0,0,0,0,56,0.0,0.0,0.0,0,0,0,0
q16.sql,true,1450,1,248,759,442,0,1,0,442,0,0,0,2136,0,0,0,0,7995520,0.0,0.0,0.0,0,0,0,0
q16.sql,false,3,3,0,0,0,3,0,0,0,0,0,0,0,0,0,0,0,56,0.0,0.0,0.0,0,0,0,0
q16.sql,false,941,0,147,669,125,0,0,0,125,0,0,0,2133,0,0,0,0,7995520,0.0,0.0,0.0,0,0,0,0
q14.sql,true,729,204,22,205,298,192,12,0,298,0,0,0,289,0,0,0,0,772831,0.0,0.0,0.0,0,0,0,0
q14.sql,false,436,255,20,71,90,243,12,0,90,0,0,0,284,0,0,0,0,772831,0.0,0.0,0.0,0,0,0,0
q12.sql,true,488,74,186,134,94,72,2,4,68,22,0,0,78,0,0,0,0,311400,0.0,0.0,0.0,0,0,0,0
q12.sql,false,223,73,18,27,105,71,2,6,88,11,0,0,113,0,0,0,0,311400,0.0,0.0,0.0,0,0,0,0
q11.sql,true,77,2,10,27,38,2,0,0,38,0,0,0,32,0,0,0,0,320560,0.0,0.0,0.0,0,0,0,0
q11.sql,true,83,2,45,27,9,2,0,0,38,0,0,0,36,0,0,0,0,320560,0.0,0.0,0.0,0,0,0,0
q11.sql,false,187,1,139,25,22,1,0,0,22,0,0,0,37,0,0,0,0,320560,0.0,0.0,0.0,0,0,0,0
q11.sql,false,50,1,12,29,8,1,0,0,22,0,0,0,83,0,0,0,0,320560,0.0,0.0,0.0,0,0,0,0
q10.sql,true,774,155,51,107,461,80,75,0,0,0,0,0,575,0,0,0,0,1120704,0.0,0.0,0.0,0,0,0,0
q10.sql,false,736,152,55,106,423,91,61,0,0,0,0,0,587,0,0,0,0,1120704,0.0,0.0,0.0,0,0,0,0
q09.sql,false,759,14,385,338,22,13,1,0,0,0,0,0,4488,0,0,0,0,3264524,0.0,0.0,0.0,0,0,0,0
q08.sql,true,229,97,35,3,94,36,61,0,94,0,0,0,355,0,0,0,0,24064,0.0,0.0,0.0,0,0,0,0
q08.sql,true,10,0,0,0,10,0,0,2,5,3,0,0,0,0,0,0,0,24064,0.0,0.0,0.0,0,0,0,0
q08.sql,false,152,95,32,4,21,35,60,0,21,0,0,0,419,0,0,0,0,24064,0.0,0.0,0.0,0,0,0,0
q08.sql,false,10,0,0,0,9,0,0,2,5,2,0,0,0,0,0,0,0,24064,0.0,0.0,0.0,0,0,0,0
q07.sql,true,1030,733,253,12,32,140,593,0,32,0,0,0,2409,0,0,0,0,59996,0.0,0.0,0.0,0,0,0,0
q07.sql,true,3,0,0,0,2,0,0,0,32,0,0,0,0,0,0,0,0,59996,0.0,0.0,0.0,0,0,0,0
q07.sql,false,654,442,166,12,33,158,284,0,33,0,0,0,1535,0,0,0,0,59996,0.0,0.0,0.0,0,0,0,0
q07.sql,false,2,0,0,0,2,0,0,0,33,0,0,0,0,0,0,0,0,59996,0.0,0.0,0.0,0,0,0,0
q06.sql,true,129,82,0,0,47,82,0,0,47,0,0,0,0,0,0,0,0,1140618,0.0,0.0,0.0,0,0,0,0
q06.sql,false,115,73,0,0,42,73,0,0,42,0,0,0,0,0,0,0,0,1140618,0.0,0.0,0.0,0,0,0,0
q05.sql,true,483,47,427,7,2,12,35,0,0,0,0,0,5169,0,0,0,0,72985,0.0,0.0,0.0,0,0,0,0
q05.sql,false,461,46,402,11,2,12,34,0,0,0,0,0,4957,0,0,0,0,72985,0.0,0.0,0.0,0,0,0,0
q04.sql,true,125,8,74,41,2,5,3,0,0,0,0,0,180,0,0,0,0,526571,0.0,0.0,0.0,0,0,0,0
q04.sql,false,77,7,25,42,2,5,2,0,0,0,0,0,180,0,0,0,0,526571,0.0,0.0,0.0,0,0,0,0
q03.sql,true,666,483,61,26,96,280,203,0,0,0,0,0,523,0,0,0,0,304063,0.0,0.0,0.0,0,0,0,0
q03.sql,false,625,425,59,47,94,234,191,0,0,0,0,0,521,0,0,0,0,304063,0.0,0.0,0.0,0,0,0,0
q02.sql,true,223,2,40,137,44,2,0,0,0,0,0,0,220,0,0,0,0,1603360,0.0,0.0,0.0,0,0,0,0
q02.sql,true,274,155,99,16,4,4,151,0,0,0,3,0,95,0,0,0,0,4830,0.0,0.0,0.0,0,0,0,0
q02.sql,false,233,1,55,139,38,1,0,0,0,0,0,0,198,0,0,0,0,1603360,0.0,0.0,0.0,0,0,0,0
q02.sql,false,166,157,4,1,3,5,152,0,0,0,3,0,54,0,0,0,0,4830,0.0,0.0,0.0,0,0,0,0
q01.sql,true,831,587,0,0,243,587,0,0,0,0,0,0,0,0,0,0,0,59444244,0.0,0.0,0.0,0,0,0,0
q01.sql,false,781,537,0,0,244,537,0,0,0,0,0,0,0,0,0,0,0,59444244,0.0,0.0,0.0,0,0,0,0
