Query,IsWarmup,Millis,PreMillis,JoinMillis,MatMillis,PostMillis,FilterMillis,IndexMillis,GroupByMillis,AggregateMillis,HavingMillis,OrderMillis,Tuples,Samples,Lookups,NrIndexEntries,nrUniqueLookups,NrPlans,JoinCard,AvgReward,MaxReward,TotalWork,DataSize,UctSize,StateSize,JoinSize
q21.sql,true,22602,3196,978,63,14,508,2688,0,0,0,0,0,6374,0,0,0,0,39445,0.0,0.0,0.0,0,0,0,0
q21.sql,false,3088,2106,928,50,4,492,1614,0,0,0,0,0,6352,0,0,0,0,39445,0.0,0.0,0.0,0,0,0,0
q20.sql,true,32,32,0,0,0,32,0,0,0,0,0,0,0,0,0,0,0,21999,0.0,0.0,0.0,0,0,0,0
q20.sql,true,1175,173,0,0,1001,173,0,0,0,0,0,0,0,0,0,0,0,9099165,0.0,0.0,0.0,0,0,0,0
q20.sql,true,3313,1143,2142,28,0,0,1143,0,0,0,0,0,20238,0,0,0,0,59593,0.0,0.0,0.0,0,0,0,0
q20.sql,true,13,6,4,1,2,1,5,0,0,0,2,0,14,0,0,0,0,1800,0.0,0.0,0.0,0,0,0,0
q20.sql,false,31,31,0,0,0,31,0,0,0,0,0,0,0,0,0,0,0,21999,0.0,0.0,0.0,0,0,0,0
q20.sql,false,1102,107,0,0,995,107,0,0,0,0,0,0,0,0,0,0,0,9099165,0.0,0.0,0.0,0,0,0,0
q20.sql,false,1336,955,365,16,0,1,954,0,0,0,0,0,20278,0,0,0,0,59593,0.0,0.0,0.0,0,0,0,0
q20.sql,false,8,5,2,1,0,0,5,0,0,0,0,0,16,0,0,0,0,1800,0.0,0.0,0.0,0,0,0,0
q19.sql,true,1824,1128,670,7,19,307,821,0,19,0,0,0,8089,0,0,0,0,1117,0.0,0.0,0.0,0,0,0,0
q19.sql,false,1743,1066,673,2,2,302,764,0,2,0,0,0,12472,0,0,0,0,1117,0.0,0.0,0.0,0,0,0,0
q18.sql,true,739,0,0,0,738,0,0,0,0,0,0,0,0,0,0,0,0,59986052,0.0,0.0,0.0,0,0,0,0
q18.sql,true,781,0,659,2,120,0,0,0,0,0,0,0,37454,0,0,0,0,693,0.0,0.0,0.0,0,0,0,0
q18.sql,false,732,0,0,0,732,0,0,0,0,0,0,0,0,0,0,0,0,59986052,0.0,0.0,0.0,0,0,0,0
q18.sql,false,641,1,637,1,2,0,1,0,0,0,0,0,37558,0,0,0,0,693,0.0,0.0,0.0,0,0,0,0
q17.sql,true,203,0,0,0,203,0,0,0,203,0,0,0,0,0,0,0,0,59986052,0.0,0.0,0.0,0,0,0,0
q17.sql,true,307,258,45,2,2,2,256,0,2,0,0,0,80,0,0,0,0,5380,0.0,0.0,0.0,0,0,0,0
q17.sql,false,72,0,0,0,72,0,0,0,72,0,0,0,0,0,0,0,0,59986052,0.0,0.0,0.0,0,0,0,0
q17.sql,false,271,251,15,3,2,7,244,0,2,0,0,0,88,0,0,0,0,5380,0.0,0.0,0.0,0,0,0,0
q16.sql,true,8,7,0,0,0,7,0,0,0,0,0,0,0,0,0,0,0,56,0.0,0.0,0.0,0,0,0,0
q16.sql,true,3123,1,1519,1162,441,1,0,0,441,0,0,0,15344,0,0,0,0,7995520,0.0,0.0,0.0,0,0,0,0
q16.sql,false,8,8,0,0,0,8,0,0,0,0,0,0,0,0,0,0,0,56,0.0,0.0,0.0,0,0,0,0
q16.sql,false,2793,0,1515,1081,197,0,0,0,197,0,0,0,14765,0,0,0,0,7995520,0.0,0.0,0.0,0,0,0,0
q14.sql,true,1076,187,210,325,354,153,34,0,354,0,0,0,2716,0,0,0,0,772831,0.0,0.0,0.0,0,0,0,0
q14.sql,false,707,296,204,93,114,262,34,0,114,0,0,0,2712,0,0,0,0,772831,0.0,0.0,0.0,0,0,0,0
q12.sql,true,399,148,81,41,129,146,2,7,99,23,0,0,1100,0,0,0,0,311400,0.0,0.0,0.0,0,0,0,0
q12.sql,false,419,206,80,40,93,204,2,9,73,11,0,0,1093,0,0,0,0,311400,0.0,0.0,0.0,0,0,0,0
q11.sql,true,150,1,56,71,22,1,0,0,22,0,0,0,338,0,0,0,0,320560,0.0,0.0,0.0,0,0,0,0
q11.sql,true,312,0,195,95,22,0,0,0,22,0,0,0,345,0,0,0,0,320560,0.0,0.0,0.0,0,0,0,0
q11.sql,false,155,0,65,73,17,0,0,0,17,0,0,0,336,0,0,0,0,320560,0.0,0.0,0.0,0,0,0,0
q11.sql,false,156,0,63,72,21,0,0,0,17,0,0,0,985,0,0,0,0,320560,0.0,0.0,0.0,0,0,0,0
q10.sql,true,1840,232,439,254,915,136,96,0,0,0,0,0,5856,0,0,0,0,1120704,0.0,0.0,0.0,0,0,0,0
q10.sql,false,2433,677,571,271,913,110,567,0,0,0,0,0,6598,0,0,0,0,1120704,0.0,0.0,0.0,0,0,0,0
q09.sql,false,6906,51,5782,952,121,50,1,0,0,0,0,0,47514,0,0,0,0,3264524,0.0,0.0,0.0,0,0,0,0
q08.sql,true,515,220,181,9,105,31,189,0,105,0,0,0,2874,0,0,0,0,24064,0.0,0.0,0.0,0,0,0,0
q08.sql,true,13,0,0,0,13,0,0,5,6,2,0,0,0,0,0,0,0,24064,0.0,0.0,0.0,0,0,0,0
q08.sql,false,479,218,237,4,20,30,188,0,20,0,0,0,3857,0,0,0,0,24064,0.0,0.0,0.0,0,0,0,0
q08.sql,false,14,0,0,0,14,0,0,5,7,2,0,0,0,0,0,0,0,24064,0.0,0.0,0.0,0,0,0,0
q07.sql,true,2322,832,1443,18,29,160,672,0,29,0,0,0,18670,0,0,0,0,59996,0.0,0.0,0.0,0,0,0,0
q07.sql,true,2,0,0,0,1,0,0,0,29,0,0,0,0,0,0,0,0,59996,0.0,0.0,0.0,0,0,0,0
q07.sql,false,3160,815,2217,86,42,155,660,0,42,0,0,0,21283,0,0,0,0,59996,0.0,0.0,0.0,0,0,0,0
q07.sql,false,1,0,0,0,1,0,0,0,42,0,0,0,0,0,0,0,0,59996,0.0,0.0,0.0,0,0,0,0
q06.sql,true,212,162,0,0,49,162,0,0,49,0,0,0,0,0,0,0,0,1140618,0.0,0.0,0.0,0,0,0,0
q06.sql,false,207,147,0,0,60,147,0,0,60,0,0,0,0,0,0,0,0,1140618,0.0,0.0,0.0,0,0,0,0
q05.sql,true,4041,113,3904,23,1,14,99,0,0,0,0,0,52053,0,0,0,0,72985,0.0,0.0,0.0,0,0,0,0
q05.sql,false,3288,110,3156,20,2,13,97,0,0,0,0,0,52514,0,0,0,0,72985,0.0,0.0,0.0,0,0,0,0
q04.sql,true,425,9,308,102,5,4,5,0,0,0,0,0,1551,0,0,0,0,526571,0.0,0.0,0.0,0,0,0,0
q04.sql,false,377,10,261,101,5,5,5,0,0,0,0,0,1549,0,0,0,0,526571,0.0,0.0,0.0,0,0,0,0
q03.sql,true,1953,733,1034,82,104,326,407,0,0,0,0,0,5861,0,0,0,0,304063,0.0,0.0,0.0,0,0,0,0
q03.sql,false,1961,764,1034,64,99,376,388,0,0,0,0,0,5856,0,0,0,0,304063,0.0,0.0,0.0,0,0,0,0
q02.sql,true,747,1,430,205,111,1,0,0,0,0,0,0,1827,0,0,0,0,1603360,0.0,0.0,0.0,0,0,0,0
q02.sql,true,233,142,86,2,3,2,140,0,0,0,3,0,109,0,0,0,0,4830,0.0,0.0,0.0,0,0,0,0
q02.sql,false,1177,0,545,523,109,0,0,0,0,0,0,0,2160,0,0,0,0,1603360,0.0,0.0,0.0,0,0,0,0
q02.sql,false,168,150,13,2,3,2,148,0,0,0,3,0,128,0,0,0,0,4830,0.0,0.0,0.0,0,0,0,0
q01.sql,true,2453,1039,0,0,1414,1039,0,0,0,0,0,0,0,0,0,0,0,59444244,0.0,0.0,0.0,0,0,0,0
q01.sql,false,2529,1092,0,0,1437,1092,0,0,0,0,0,0,0,0,0,0,0,59444244,0.0,0.0,0.0,0,0,0,0
