Query,IsWarmup,Millis,PreMillis,JoinMillis,MatMillis,PostMillis,FilterMillis,IndexMillis,GroupByMillis,AggregateMillis,HavingMillis,OrderMillis,Tuples,Samples,Lookups,NrIndexEntries,nrUniqueLookups,NrPlans,JoinCard,AvgReward,MaxReward,TotalWork,DataSize,UctSize,StateSize,JoinSize
q21.sql,true,22175,2970,787,46,14,423,2546,0,0,0,0,0,2192,0,0,0,0,39445,0.0,0.0,0.0,0,0,0,0
q21.sql,false,2145,1778,355,7,4,408,1370,0,0,0,0,0,2178,0,0,0,0,39445,0.0,0.0,0.0,0,0,0,0
q20.sql,true,22,21,0,0,0,21,0,0,0,0,0,0,0,0,0,0,0,21999,0.0,0.0,0.0,0,0,0,0
q20.sql,true,809,151,0,0,658,151,0,0,0,0,0,0,0,0,0,0,0,9099165,0.0,0.0,0.0,0,0,0,0
q20.sql,true,3004,1128,1845,31,0,0,1128,0,0,0,0,0,7632,0,0,0,0,59593,0.0,0.0,0.0,0,0,0,0
q20.sql,true,15,6,5,2,2,1,5,0,0,0,2,0,23,0,0,0,0,1800,0.0,0.0,0.0,0,0,0,0
q20.sql,false,38,38,0,0,0,38,0,0,0,0,0,0,0,0,0,0,0,21999,0.0,0.0,0.0,0,0,0,0
q20.sql,false,702,72,0,0,630,72,0,0,0,0,0,0,0,0,0,0,0,9099165,0.0,0.0,0.0,0,0,0,0
q20.sql,false,1276,1088,159,29,0,0,1088,0,0,0,0,0,7669,0,0,0,0,59593,0.0,0.0,0.0,0,0,0,0
q20.sql,false,9,6,2,1,0,1,5,0,0,0,0,0,6,0,0,0,0,1800,0.0,0.0,0.0,0,0,0,0
q19.sql,true,1560,1160,379,1,19,299,861,0,19,0,0,0,3812,0,0,0,0,1117,0.0,0.0,0.0,0,0,0,0
q19.sql,false,1084,958,124,1,1,308,650,0,1,0,0,0,2879,0,0,0,0,1117,0.0,0.0,0.0,0,0,0,0
q18.sql,true,461,0,0,0,461,0,0,0,0,0,0,0,0,0,0,0,0,59986052,0.0,0.0,0.0,0,0,0,0
q18.sql,true,282,0,274,2,6,0,0,0,0,0,0,0,14568,0,0,0,0,693,0.0,0.0,0.0,0,0,0,0
q18.sql,false,454,0,0,0,454,0,0,0,0,0,0,0,0,0,0,0,0,59986052,0.0,0.0,0.0,0,0,0,0
q18.sql,false,262,0,258,1,2,0,0,0,0,0,0,0,14603,0,0,0,0,693,0.0,0.0,0.0,0,0,0,0
q17.sql,true,160,0,0,0,159,0,0,0,159,0,0,0,0,0,0,0,0,59986052,0.0,0.0,0.0,0,0,0,0
q17.sql,true,195,151,41,2,1,3,148,0,1,0,0,0,40,0,0,0,0,5380,0.0,0.0,0.0,0,0,0,0
q17.sql,false,61,0,0,0,61,0,0,0,61,0,0,0,0,0,0,0,0,59986052,0.0,0.0,0.0,0,0,0,0
q17.sql,false,160,150,6,3,1,5,145,0,1,0,0,0,51,0,0,0,0,5380,0.0,0.0,0.0,0,0,0,0
q16.sql,true,6,6,0,0,0,6,0,0,0,0,0,0,0,0,0,0,0,56,0.0,0.0,0.0,0,0,0,0
q16.sql,true,2676,0,1053,1172,451,0,0,0,451,0,0,0,7221,0,0,0,0,7995520,0.0,0.0,0.0,0,0,0,0
q16.sql,false,5,5,0,0,0,5,0,0,0,0,0,0,0,0,0,0,0,56,0.0,0.0,0.0,0,0,0,0
q16.sql,false,1431,0,634,682,115,0,0,0,115,0,0,0,6760,0,0,0,0,7995520,0.0,0.0,0.0,0,0,0,0
q14.sql,true,695,128,78,252,237,103,25,0,237,0,0,0,1034,0,0,0,0,772831,0.0,0.0,0.0,0,0,0,0
q14.sql,false,387,40,70,175,102,16,24,0,102,0,0,0,997,0,0,0,0,772831,0.0,0.0,0.0,0,0,0,0
q12.sql,true,319,102,33,68,116,100,2,5,88,23,0,0,404,0,0,0,0,311400,0.0,0.0,0.0,0,0,0,0
q12.sql,false,312,99,33,67,113,97,2,7,95,11,0,0,402,0,0,0,0,311400,0.0,0.0,0.0,0,0,0,0
q11.sql,true,96,1,22,55,18,0,1,0,18,0,0,0,125,0,0,0,0,320560,0.0,0.0,0.0,0,0,0,0
q11.sql,true,76,1,23,37,15,1,0,0,18,0,0,0,138,0,0,0,0,320560,0.0,0.0,0.0,0,0,0,0
q11.sql,false,116,0,23,45,48,0,0,0,48,0,0,0,127,0,0,0,0,320560,0.0,0.0,0.0,0,0,0,0
q11.sql,false,74,0,22,37,15,0,0,0,48,0,0,0,141,0,0,0,0,320560,0.0,0.0,0.0,0,0,0,0
q10.sql,true,874,141,154,98,481,71,70,0,0,0,0,0,2079,0,0,0,0,1120704,0.0,0.0,0.0,0,0,0,0
q10.sql,false,899,158,156,143,442,87,71,0,0,0,0,0,2052,0,0,0,0,1120704,0.0,0.0,0.0,0,0,0,0
q09.sql,false,1571,32,1103,375,61,32,0,0,0,0,0,0,15644,0,0,0,0,3264524,0.0,0.0,0.0,0,0,0,0
q08.sql,true,367,155,75,30,107,28,127,0,107,0,0,0,938,0,0,0,0,24064,0.0,0.0,0.0,0,0,0,0
q08.sql,true,9,0,0,0,9,0,0,2,4,3,0,0,0,0,0,0,0,24064,0.0,0.0,0.0,0,0,0,0
q08.sql,false,280,158,98,4,20,29,129,0,20,0,0,0,1399,0,0,0,0,24064,0.0,0.0,0.0,0,0,0,0
q08.sql,false,10,0,0,0,9,0,0,2,4,3,0,0,0,0,0,0,0,24064,0.0,0.0,0.0,0,0,0,0
q07.sql,true,1699,1042,585,50,21,561,481,0,21,0,0,0,13093,0,0,0,0,59996,0.0,0.0,0.0,0,0,0,0
q07.sql,true,2,0,0,0,2,0,0,0,21,0,0,0,0,0,0,0,0,59996,0.0,0.0,0.0,0,0,0,0
q07.sql,false,1083,651,382,13,37,169,482,0,37,0,0,0,4227,0,0,0,0,59996,0.0,0.0,0.0,0,0,0,0
q07.sql,false,2,0,0,0,2,0,0,0,37,0,0,0,0,0,0,0,0,59996,0.0,0.0,0.0,0,0,0,0
q06.sql,true,195,94,0,0,101,94,0,0,101,0,0,0,0,0,0,0,0,1140618,0.0,0.0,0.0,0,0,0,0
q06.sql,false,353,95,0,0,258,95,0,0,258,0,0,0,0,0,0,0,0,1140618,0.0,0.0,0.0,0,0,0,0
q05.sql,true,1229,77,1136,15,1,11,66,0,0,0,0,0,15768,0,0,0,0,72985,0.0,0.0,0.0,0,0,0,0
q05.sql,false,1658,79,1564,13,2,12,67,0,0,0,0,0,18790,0,0,0,0,72985,0.0,0.0,0.0,0,0,0,0
q04.sql,true,181,7,123,48,3,5,2,0,0,0,0,0,563,0,0,0,0,526571,0.0,0.0,0.0,0,0,0,0
q04.sql,false,182,7,74,98,3,4,3,0,0,0,0,0,561,0,0,0,0,526571,0.0,0.0,0.0,0,0,0,0
q03.sql,true,935,600,207,32,96,302,298,0,0,0,0,0,1923,0,0,0,0,304063,0.0,0.0,0.0,0,0,0,0
q03.sql,false,915,552,236,32,95,255,297,0,0,0,0,0,2035,0,0,0,0,304063,0.0,0.0,0.0,0,0,0,0
q02.sql,true,499,1,209,211,78,1,0,0,0,0,0,0,806,0,0,0,0,1603360,0.0,0.0,0.0,0,0,0,0
q02.sql,true,276,154,102,16,4,2,152,0,0,0,3,0,46,0,0,0,0,4830,0.0,0.0,0.0,0,0,0,0
q02.sql,false,632,0,370,185,76,0,0,0,0,0,0,0,657,0,0,0,0,1603360,0.0,0.0,0.0,0,0,0,0
q02.sql,false,165,154,7,1,3,2,152,0,0,0,3,0,71,0,0,0,0,4830,0.0,0.0,0.0,0,0,0,0
q01.sql,true,1423,704,0,0,719,703,1,0,0,0,0,0,0,0,0,0,0,59444244,0.0,0.0,0.0,0,0,0,0
q01.sql,false,1438,701,0,0,737,701,0,0,0,0,0,0,0,0,0,0,0,59444244,0.0,0.0,0.0,0,0,0,0
