Query,IsWarmup,Millis,PreMillis,JoinMillis,MatMillis,PostMillis,FilterMillis,IndexMillis,GroupByMillis,AggregateMillis,HavingMillis,OrderMillis,Tuples,Samples,Lookups,NrIndexEntries,nrUniqueLookups,NrPlans,JoinCard,AvgReward,MaxReward,TotalWork,DataSize,UctSize,StateSize,JoinSize
9.sql,true,8749,27,1284,512,289,23,4,0,288,0,0,0,14241,0,0,0,0,979921,0.0,0.0,0.0,0,0,0,0
9.sql,true,23,0,0,0,22,0,0,0,288,0,0,0,0,0,0,0,0,979921,0.0,0.0,0.0,0,0,0,0
9.sql,false,1343,19,918,249,157,16,3,0,157,0,0,0,13504,0,0,0,0,979921,0.0,0.0,0.0,0,0,0,0
9.sql,false,13,0,0,0,13,0,0,0,157,0,0,0,0,0,0,0,0,979921,0.0,0.0,0.0,0,0,0,0
8.sql,true,596,451,135,3,7,232,219,0,7,0,0,0,1129,0,0,0,0,7644,0.0,0.0,0.0,0,0,0,0
8.sql,true,17,0,0,0,17,0,0,7,7,3,0,0,0,0,0,0,0,7644,0.0,0.0,0.0,0,0,0,0
8.sql,false,226,134,83,2,7,20,114,0,7,0,0,0,812,0,0,0,0,7644,0.0,0.0,0.0,0,0,0,0
8.sql,false,12,0,0,0,12,0,0,5,4,3,0,0,0,0,0,0,0,7644,0.0,0.0,0.0,0,0,0,0
7.sql,true,1500,1115,365,5,14,486,629,0,14,0,0,0,4192,0,0,0,0,17331,0.0,0.0,0.0,0,0,0,0
7.sql,true,2,1,0,0,1,1,0,0,14,0,0,0,0,0,0,0,0,17331,0.0,0.0,0.0,0,0,0,0
7.sql,false,756,433,308,3,12,129,304,0,12,0,0,0,3631,0,0,0,0,17331,0.0,0.0,0.0,0,0,0,0
7.sql,false,1,1,0,0,0,0,1,0,12,0,0,0,0,0,0,0,0,17331,0.0,0.0,0.0,0,0,0,0
6.sql,true,144,85,0,0,59,85,0,0,59,0,0,0,0,0,0,0,0,342464,0.0,0.0,0.0,0,0,0,0
6.sql,false,158,84,0,0,74,84,0,0,74,0,0,0,0,0,0,0,0,342464,0.0,0.0,0.0,0,0,0,0
5.sql,true,1706,49,1652,4,1,10,39,0,0,0,0,0,18596,0,0,0,0,22028,0.0,0.0,0.0,0,0,0,0
5.sql,false,1476,49,1420,6,1,10,39,0,0,0,0,0,20705,0,0,0,0,22028,0.0,0.0,0.0,0,0,0,0
4.sql,true,193,5,155,30,2,4,1,0,0,0,0,0,372,0,0,0,0,158414,0.0,0.0,0.0,0,0,0,0
4.sql,false,92,5,58,28,1,3,2,0,0,0,0,0,378,0,0,0,0,158414,0.0,0.0,0.0,0,0,0,0
3.sql,true,726,480,168,22,55,241,239,0,0,0,0,0,1693,0,0,0,0,90026,0.0,0.0,0.0,0,0,0,0
3.sql,false,926,710,171,15,30,461,249,0,0,0,0,0,1688,0,0,0,0,90026,0.0,0.0,0.0,0,0,0,0
21.sql,true,1182,807,371,2,2,150,657,0,0,0,0,0,2065,0,0,0,0,12426,0.0,0.0,0.0,0,0,0,0
21.sql,false,1115,803,307,3,2,149,654,0,0,0,0,0,2080,0,0,0,0,12426,0.0,0.0,0.0,0,0,0,0
20.sql,true,9,9,0,0,0,9,0,0,0,0,0,0,0,0,0,0,0,6491,0.0,0.0,0.0,0,0,0,0
20.sql,true,312,46,0,0,265,46,0,0,0,0,0,0,0,0,0,0,0,2733944,0.0,0.0,0.0,0,0,0,0
20.sql,true,524,352,169,3,0,0,352,0,0,0,0,0,6082,0,0,0,0,17538,0.0,0.0,0.0,0,0,0,0
20.sql,true,15,3,2,10,0,1,2,0,0,0,0,0,6,0,0,0,0,557,0.0,0.0,0.0,0,0,0,0
20.sql,false,11,10,0,0,0,10,0,0,0,0,0,0,0,0,0,0,0,6491,0.0,0.0,0.0,0,0,0,0
20.sql,false,297,46,0,0,250,46,0,0,0,0,0,0,0,0,0,0,0,2733944,0.0,0.0,0.0,0,0,0,0
20.sql,false,491,331,156,3,0,0,331,0,0,0,0,0,6071,0,0,0,0,17538,0.0,0.0,0.0,0,0,0,0
20.sql,false,17,2,7,7,1,0,2,0,0,0,1,0,0,0,0,0,0,557,0.0,0.0,0.0,0,0,0,0
2.sql,true,246,1,130,79,36,1,0,0,0,0,0,0,677,0,0,0,0,478400,0.0,0.0,0.0,0,0,0,0
2.sql,true,112,59,51,0,1,1,58,0,0,0,1,0,40,0,0,0,0,1419,0.0,0.0,0.0,0,0,0,0
2.sql,false,276,0,156,84,36,0,0,0,0,0,0,0,712,0,0,0,0,478400,0.0,0.0,0.0,0,0,0,0
2.sql,false,84,60,22,1,1,2,58,0,0,0,1,0,44,0,0,0,0,1419,0.0,0.0,0.0,0,0,0,0
19.sql,true,736,531,204,1,0,121,410,0,0,0,0,0,2158,0,0,0,0,364,0.0,0.0,0.0,0,0,0,0
19.sql,false,501,322,177,1,1,112,210,0,1,0,0,0,2175,0,0,0,0,364,0.0,0.0,0.0,0,0,0,0
18.sql,true,159,0,0,0,159,0,0,0,0,0,0,0,0,0,0,0,0,17996609,0.0,0.0,0.0,0,0,0,0
18.sql,true,325,0,323,1,1,0,0,0,0,0,0,0,12652,0,0,0,0,1253,0.0,0.0,0.0,0,0,0,0
18.sql,false,156,0,0,0,156,0,0,0,0,0,0,0,0,0,0,0,0,17996609,0.0,0.0,0.0,0,0,0,0
18.sql,false,411,0,409,1,1,0,0,0,0,0,0,0,14413,0,0,0,0,1253,0.0,0.0,0.0,0,0,0,0
17.sql,true,106,0,0,0,106,0,0,0,106,0,0,0,0,0,0,0,0,17996609,0.0,0.0,0.0,0,0,0,0
17.sql,true,84,64,19,0,1,1,63,0,1,0,0,0,163,0,0,0,0,1632,0.0,0.0,0.0,0,0,0,0
17.sql,false,17,0,0,0,16,0,0,0,16,0,0,0,0,0,0,0,0,17996609,0.0,0.0,0.0,0,0,0,0
17.sql,false,71,66,4,0,1,3,63,0,1,0,0,0,34,0,0,0,0,1632,0.0,0.0,0.0,0,0,0,0
16.sql,true,3,3,0,0,0,3,0,0,0,0,0,0,0,0,0,0,0,15,0.0,0.0,0.0,0,0,0,0
16.sql,true,29,5,19,3,2,4,1,0,0,0,0,0,55,0,0,0,0,11997,0.0,0.0,0.0,0,0,0,0
16.sql,false,3,3,0,0,0,3,0,0,0,0,0,0,0,0,0,0,0,15,0.0,0.0,0.0,0,0,0,0
16.sql,false,24,4,15,3,2,4,0,0,0,0,0,0,54,0,0,0,0,11997,0.0,0.0,0.0,0,0,0,0
14.sql,true,261,18,68,40,135,6,12,0,135,0,0,0,816,0,0,0,0,224637,0.0,0.0,0.0,0,0,0,0
14.sql,false,195,17,56,54,68,6,11,0,68,0,0,0,788,0,0,0,0,224637,0.0,0.0,0.0,0,0,0,0
12.sql,true,170,71,30,22,47,70,1,3,35,9,0,0,331,0,0,0,0,93144,0.0,0.0,0.0,0,0,0,0
12.sql,false,192,72,30,23,67,70,2,4,57,6,0,0,335,0,0,0,0,93144,0.0,0.0,0.0,0,0,0,0
11.sql,true,61,1,22,27,11,1,0,0,11,0,0,0,110,0,0,0,0,95680,0.0,0.0,0.0,0,0,0,0
11.sql,true,45,1,20,15,9,1,0,0,11,0,0,0,112,0,0,0,0,95680,0.0,0.0,0.0,0,0,0,0
11.sql,false,58,0,23,24,11,0,0,0,11,0,0,0,113,0,0,0,0,95680,0.0,0.0,0.0,0,0,0,0
11.sql,false,47,0,22,16,9,0,0,0,11,0,0,0,112,0,0,0,0,95680,0.0,0.0,0.0,0,0,0,0
10.sql,true,526,162,132,60,172,84,78,0,0,0,0,0,1820,0,0,0,0,344528,0.0,0.0,0.0,0,0,0,0
10.sql,false,525,164,129,60,172,85,79,0,0,0,0,0,1831,0,0,0,0,344528,0.0,0.0,0.0,0,0,0,0
1.sql,true,1051,623,0,0,428,623,0,0,0,0,0,0,0,0,0,0,0,17743537,0.0,0.0,0.0,0,0,0,0
1.sql,false,1044,619,0,0,424,619,0,0,0,0,0,0,0,0,0,0,0,17743537,0.0,0.0,0.0,0,0,0,0
