Query,IsWarmup,Millis,PreMillis,JoinMillis,MatMillis,PostMillis,FilterMillis,IndexMillis,GroupByMillis,AggregateMillis,HavingMillis,OrderMillis,Tuples,Samples,Lookups,NrIndexEntries,nrUniqueLookups,NrPlans,JoinCard,AvgReward,MaxReward,TotalWork,DataSize,UctSize,StateSize,JoinSize
9.sql,true,8166,17,768,391,387,14,3,0,387,0,0,0,2894,0,0,0,0,979921,0.0,0.0,0.0,0,0,0,0
9.sql,true,16,0,0,0,15,0,0,0,387,0,0,0,0,0,0,0,0,979921,0.0,0.0,0.0,0,0,0,0
9.sql,false,543,10,298,123,112,7,3,0,112,0,0,0,3751,0,0,0,0,979921,0.0,0.0,0.0,0,0,0,0
9.sql,false,6,0,0,0,6,0,0,0,112,0,0,0,0,0,0,0,0,979921,0.0,0.0,0.0,0,0,0,0
8.sql,true,758,645,103,3,7,323,322,0,7,0,0,0,218,0,0,0,0,7644,0.0,0.0,0.0,0,0,0,0
8.sql,true,17,0,0,0,17,0,0,7,7,3,0,0,0,0,0,0,0,7644,0.0,0.0,0.0,0,0,0,0
8.sql,false,209,177,22,2,8,133,44,0,8,0,0,0,276,0,0,0,0,7644,0.0,0.0,0.0,0,0,0,0
8.sql,false,11,0,0,0,11,0,0,5,3,3,0,0,0,0,0,0,0,7644,0.0,0.0,0.0,0,0,0,0
7.sql,true,1081,831,223,5,21,318,513,0,21,0,0,0,601,0,0,0,0,17331,0.0,0.0,0.0,0,0,0,0
7.sql,true,1,0,0,0,1,0,0,0,21,0,0,0,0,0,0,0,0,17331,0.0,0.0,0.0,0,0,0,0
7.sql,false,394,293,77,4,20,121,172,0,20,0,0,0,723,0,0,0,0,17331,0.0,0.0,0.0,0,0,0,0
7.sql,false,1,0,0,0,1,0,0,0,20,0,0,0,0,0,0,0,0,17331,0.0,0.0,0.0,0,0,0,0
6.sql,true,104,63,0,0,41,63,0,0,41,0,0,0,0,0,0,0,0,342464,0.0,0.0,0.0,0,0,0,0
6.sql,false,125,61,0,0,63,61,0,0,63,0,0,0,0,0,0,0,0,342464,0.0,0.0,0.0,0,0,0,0
5.sql,true,357,30,320,6,1,10,20,0,0,0,0,0,3523,0,0,0,0,22028,0.0,0.0,0.0,0,0,0,0
5.sql,false,340,29,305,4,2,10,19,0,0,0,0,0,3471,0,0,0,0,22028,0.0,0.0,0.0,0,0,0,0
4.sql,true,265,5,241,17,2,3,2,0,0,0,0,0,111,0,0,0,0,158414,0.0,0.0,0.0,0,0,0,0
4.sql,false,50,5,18,26,1,4,1,0,0,0,0,0,116,0,0,0,0,158414,0.0,0.0,0.0,0,0,0,0
3.sql,true,571,475,35,10,51,285,190,0,0,0,0,0,348,0,0,0,0,90026,0.0,0.0,0.0,0,0,0,0
3.sql,false,683,612,35,9,26,421,191,0,0,0,0,0,349,0,0,0,0,90026,0.0,0.0,0.0,0,0,0,0
21.sql,true,717,500,211,3,3,119,381,0,0,0,0,0,649,0,0,0,0,12426,0.0,0.0,0.0,0,0,0,0
21.sql,false,579,498,76,2,3,118,380,0,0,0,0,0,514,0,0,0,0,12426,0.0,0.0,0.0,0,0,0,0
20.sql,true,5,5,0,0,0,5,0,0,0,0,0,0,0,0,0,0,0,6491,0.0,0.0,0.0,0,0,0,0
20.sql,true,172,39,0,0,133,39,0,0,0,0,0,0,0,0,0,0,0,2733944,0.0,0.0,0.0,0,0,0,0
20.sql,true,411,354,55,2,0,0,354,0,0,0,0,0,1412,0,0,0,0,17538,0.0,0.0,0.0,0,0,0,0
20.sql,true,6,3,3,0,0,1,2,0,0,0,0,0,1,0,0,0,0,557,0.0,0.0,0.0,0,0,0,0
20.sql,false,5,5,0,0,0,5,0,0,0,0,0,0,0,0,0,0,0,6491,0.0,0.0,0.0,0,0,0,0
20.sql,false,167,37,0,0,129,37,0,0,0,0,0,0,0,0,0,0,0,2733944,0.0,0.0,0.0,0,0,0,0
20.sql,false,388,327,57,3,0,0,327,0,0,0,0,0,1414,0,0,0,0,17538,0.0,0.0,0.0,0,0,0,0
20.sql,false,4,3,1,0,0,1,2,0,0,0,0,0,1,0,0,0,0,557,0.0,0.0,0.0,0,0,0,0
2.sql,true,155,1,36,98,20,0,1,0,0,0,0,0,197,0,0,0,0,478400,0.0,0.0,0.0,0,0,0,0
2.sql,true,115,60,52,2,1,2,58,0,0,0,1,0,27,0,0,0,0,1419,0.0,0.0,0.0,0,0,0,0
2.sql,false,125,1,48,60,16,0,1,0,0,0,0,0,149,0,0,0,0,478400,0.0,0.0,0.0,0,0,0,0
2.sql,false,68,62,3,2,1,3,59,0,0,0,1,0,46,0,0,0,0,1419,0.0,0.0,0.0,0,0,0,0
19.sql,true,1014,790,222,1,1,121,669,0,1,0,0,0,482,0,0,0,0,364,0.0,0.0,0.0,0,0,0,0
19.sql,false,565,527,36,1,1,111,416,0,1,0,0,0,490,0,0,0,0,364,0.0,0.0,0.0,0,0,0,0
18.sql,true,134,0,0,0,134,0,0,0,0,0,0,0,0,0,0,0,0,17996609,0.0,0.0,0.0,0,0,0,0
18.sql,true,78,1,74,1,2,0,1,0,0,0,0,0,3004,0,0,0,0,1253,0.0,0.0,0.0,0,0,0,0
18.sql,false,131,0,0,0,131,0,0,0,0,0,0,0,0,0,0,0,0,17996609,0.0,0.0,0.0,0,0,0,0
18.sql,false,87,0,83,2,2,0,0,0,0,0,0,0,3223,0,0,0,0,1253,0.0,0.0,0.0,0,0,0,0
17.sql,true,128,0,0,0,128,0,0,0,128,0,0,0,0,0,0,0,0,17996609,0.0,0.0,0.0,0,0,0,0
17.sql,true,81,64,16,0,1,2,62,0,1,0,0,0,248,0,0,0,0,1632,0.0,0.0,0.0,0,0,0,0
17.sql,false,16,0,0,0,15,0,0,0,15,0,0,0,0,0,0,0,0,17996609,0.0,0.0,0.0,0,0,0,0
17.sql,false,70,66,2,1,1,3,63,0,1,0,0,0,19,0,0,0,0,1632,0.0,0.0,0.0,0,0,0,0
16.sql,true,2,2,0,0,0,2,0,0,0,0,0,0,0,0,0,0,0,15,0.0,0.0,0.0,0,0,0,0
16.sql,true,26,5,16,1,4,5,0,0,0,0,0,0,32,0,0,0,0,11997,0.0,0.0,0.0,0,0,0,0
16.sql,false,2,2,0,0,0,2,0,0,0,0,0,0,0,0,0,0,0,15,0.0,0.0,0.0,0,0,0,0
16.sql,false,11,5,1,2,3,4,1,0,0,0,0,0,22,0,0,0,0,11997,0.0,0.0,0.0,0,0,0,0
14.sql,true,191,12,12,24,143,6,6,0,143,0,0,0,179,0,0,0,0,224637,0.0,0.0,0.0,0,0,0,0
14.sql,false,165,12,12,42,99,5,7,0,99,0,0,0,180,0,0,0,0,224637,0.0,0.0,0.0,0,0,0,0
12.sql,true,138,60,8,11,59,58,2,5,43,10,0,0,74,0,0,0,0,93144,0.0,0.0,0.0,0,0,0,0
12.sql,false,157,60,7,13,77,59,1,6,59,12,0,0,76,0,0,0,0,93144,0.0,0.0,0.0,0,0,0,0
11.sql,true,37,0,5,12,19,0,0,0,19,0,0,0,29,0,0,0,0,95680,0.0,0.0,0.0,0,0,0,0
11.sql,true,25,0,6,13,6,0,0,0,19,0,0,0,33,0,0,0,0,95680,0.0,0.0,0.0,0,0,0,0
11.sql,false,40,1,5,12,22,1,0,0,22,0,0,0,29,0,0,0,0,95680,0.0,0.0,0.0,0,0,0,0
11.sql,false,26,1,6,14,5,1,0,0,22,0,0,0,48,0,0,0,0,95680,0.0,0.0,0.0,0,0,0,0
10.sql,true,391,155,35,39,162,81,74,0,0,0,0,0,435,0,0,0,0,344528,0.0,0.0,0.0,0,0,0,0
10.sql,false,384,155,34,49,146,81,74,0,0,0,0,0,415,0,0,0,0,344528,0.0,0.0,0.0,0,0,0,0
1.sql,true,1698,1552,0,0,146,1552,0,0,0,0,0,0,0,0,0,0,0,17743537,0.0,0.0,0.0,0,0,0,0
1.sql,false,495,348,0,0,147,348,0,0,0,0,0,0,0,0,0,0,0,17743537,0.0,0.0,0.0,0,0,0,0
