Query,IsWarmup,Millis,PreMillis,JoinMillis,MatMillis,PostMillis,FilterMillis,IndexMillis,GroupByMillis,AggregateMillis,HavingMillis,OrderMillis,Tuples,Samples,Lookups,NrIndexEntries,nrUniqueLookups,NrPlans,JoinCard,AvgReward,MaxReward,TotalWork,DataSize,UctSize,StateSize,JoinSize
9.sql,true,8034,20,717,317,339,17,3,0,339,0,0,0,4686,0,0,0,0,979921,0.0,0.0,0.0,0,0,0,0
9.sql,true,18,0,0,0,18,0,0,0,339,0,0,0,0,0,0,0,0,979921,0.0,0.0,0.0,0,0,0,0
9.sql,false,762,13,463,149,137,10,3,0,137,0,0,0,4604,0,0,0,0,979921,0.0,0.0,0.0,0,0,0,0
9.sql,false,8,0,0,0,8,0,0,0,137,0,0,0,0,0,0,0,0,979921,0.0,0.0,0.0,0,0,0,0
8.sql,true,653,548,94,2,8,270,278,0,8,0,0,0,380,0,0,0,0,7644,0.0,0.0,0.0,0,0,0,0
8.sql,true,17,0,0,0,17,0,0,7,7,3,0,0,0,0,0,0,0,7644,0.0,0.0,0.0,0,0,0,0
8.sql,false,242,192,40,3,7,141,51,0,7,0,0,0,417,0,0,0,0,7644,0.0,0.0,0.0,0,0,0,0
8.sql,false,12,0,0,0,12,0,0,5,4,3,0,0,0,0,0,0,0,7644,0.0,0.0,0.0,0,0,0,0
7.sql,true,1262,947,296,4,14,446,501,0,14,0,0,0,2080,0,0,0,0,17331,0.0,0.0,0.0,0,0,0,0
7.sql,true,1,0,0,0,1,0,0,0,14,0,0,0,0,0,0,0,0,17331,0.0,0.0,0.0,0,0,0,0
7.sql,false,503,339,137,3,24,130,209,0,24,0,0,0,1486,0,0,0,0,17331,0.0,0.0,0.0,0,0,0,0
7.sql,false,1,0,0,0,1,0,0,0,24,0,0,0,0,0,0,0,0,17331,0.0,0.0,0.0,0,0,0,0
6.sql,true,113,69,0,0,44,69,0,0,44,0,0,0,0,0,0,0,0,342464,0.0,0.0,0.0,0,0,0,0
6.sql,false,140,67,0,0,73,67,0,0,73,0,0,0,0,0,0,0,0,342464,0.0,0.0,0.0,0,0,0,0
5.sql,true,526,33,487,5,1,9,24,0,0,0,0,0,5376,0,0,0,0,22028,0.0,0.0,0.0,0,0,0,0
5.sql,false,412,33,374,4,1,9,24,0,0,0,0,0,5091,0,0,0,0,22028,0.0,0.0,0.0,0,0,0,0
4.sql,true,223,4,198,17,2,3,1,0,0,0,0,0,171,0,0,0,0,158414,0.0,0.0,0.0,0,0,0,0
4.sql,false,51,5,26,18,2,3,2,0,0,0,0,0,177,0,0,0,0,158414,0.0,0.0,0.0,0,0,0,0
3.sql,true,546,424,61,9,52,213,211,0,0,0,0,0,582,0,0,0,0,90026,0.0,0.0,0.0,0,0,0,0
3.sql,false,831,724,64,15,28,512,212,0,0,0,0,0,579,0,0,0,0,90026,0.0,0.0,0.0,0,0,0,0
21.sql,true,837,582,250,3,2,126,456,0,0,0,0,0,961,0,0,0,0,12426,0.0,0.0,0.0,0,0,0,0
21.sql,false,704,581,118,2,3,127,454,0,0,0,0,0,860,0,0,0,0,12426,0.0,0.0,0.0,0,0,0,0
20.sql,true,6,6,0,0,0,6,0,0,0,0,0,0,0,0,0,0,0,6491,0.0,0.0,0.0,0,0,0,0
20.sql,true,202,40,0,0,162,40,0,0,0,0,0,0,0,0,0,0,0,2733944,0.0,0.0,0.0,0,0,0,0
20.sql,true,452,372,77,3,0,0,372,0,0,0,0,0,2317,0,0,0,0,17538,0.0,0.0,0.0,0,0,0,0
20.sql,true,6,3,2,1,0,1,2,0,0,0,0,0,2,0,0,0,0,557,0.0,0.0,0.0,0,0,0,0
20.sql,false,6,6,0,0,0,6,0,0,0,0,0,0,0,0,0,0,0,6491,0.0,0.0,0.0,0,0,0,0
20.sql,false,196,40,0,0,156,40,0,0,0,0,0,0,0,0,0,0,0,2733944,0.0,0.0,0.0,0,0,0,0
20.sql,false,426,341,83,2,0,0,341,0,0,0,0,0,2342,0,0,0,0,17538,0.0,0.0,0.0,0,0,0,0
20.sql,false,4,2,0,2,0,1,1,0,0,0,0,0,3,0,0,0,0,557,0.0,0.0,0.0,0,0,0,0
2.sql,true,145,1,53,70,21,1,0,0,0,0,0,0,295,0,0,0,0,478400,0.0,0.0,0.0,0,0,0,0
2.sql,true,110,61,47,1,1,2,59,0,0,0,1,0,34,0,0,0,0,1419,0.0,0.0,0.0,0,0,0,0
2.sql,false,261,0,110,129,22,0,0,0,0,0,0,0,355,0,0,0,0,478400,0.0,0.0,0.0,0,0,0,0
2.sql,false,66,61,2,2,1,2,59,0,0,0,1,0,32,0,0,0,0,1419,0.0,0.0,0.0,0,0,0,0
19.sql,true,670,562,106,1,1,120,442,0,1,0,0,0,794,0,0,0,0,364,0.0,0.0,0.0,0,0,0,0
19.sql,false,449,371,76,0,1,113,258,0,1,0,0,0,860,0,0,0,0,364,0.0,0.0,0.0,0,0,0,0
18.sql,true,140,0,0,0,140,0,0,0,0,0,0,0,0,0,0,0,0,17996609,0.0,0.0,0.0,0,0,0,0
18.sql,true,249,0,245,2,2,0,0,0,0,0,0,0,7156,0,0,0,0,1253,0.0,0.0,0.0,0,0,0,0
18.sql,false,139,0,0,0,139,0,0,0,0,0,0,0,0,0,0,0,0,17996609,0.0,0.0,0.0,0,0,0,0
18.sql,false,126,0,124,1,1,0,0,0,0,0,0,0,4851,0,0,0,0,1253,0.0,0.0,0.0,0,0,0,0
17.sql,true,126,0,0,0,126,0,0,0,126,0,0,0,0,0,0,0,0,17996609,0.0,0.0,0.0,0,0,0,0
17.sql,true,83,65,17,1,0,2,63,0,0,0,0,0,242,0,0,0,0,1632,0.0,0.0,0.0,0,0,0,0
17.sql,false,15,0,0,0,15,0,0,0,15,0,0,0,0,0,0,0,0,17996609,0.0,0.0,0.0,0,0,0,0
17.sql,false,70,67,2,1,0,3,64,0,0,0,0,0,18,0,0,0,0,1632,0.0,0.0,0.0,0,0,0,0
16.sql,true,2,2,0,0,0,2,0,0,0,0,0,0,0,0,0,0,0,15,0.0,0.0,0.0,0,0,0,0
16.sql,true,22,4,14,2,2,4,0,0,0,0,0,0,45,0,0,0,0,11997,0.0,0.0,0.0,0,0,0,0
16.sql,false,2,2,0,0,0,2,0,0,0,0,0,0,0,0,0,0,0,15,0.0,0.0,0.0,0,0,0,0
16.sql,false,11,5,2,2,2,4,1,0,0,0,0,0,26,0,0,0,0,11997,0.0,0.0,0.0,0,0,0,0
14.sql,true,168,15,20,29,104,7,8,0,104,0,0,0,290,0,0,0,0,224637,0.0,0.0,0.0,0,0,0,0
14.sql,false,147,15,21,41,70,7,8,0,70,0,0,0,291,0,0,0,0,224637,0.0,0.0,0.0,0,0,0,0
12.sql,true,140,62,12,16,50,60,2,2,39,9,0,0,124,0,0,0,0,93144,0.0,0.0,0.0,0,0,0,0
12.sql,false,151,63,14,18,56,62,1,3,48,5,0,0,137,0,0,0,0,93144,0.0,0.0,0.0,0,0,0,0
11.sql,true,41,1,10,10,20,1,0,0,20,0,0,0,45,0,0,0,0,95680,0.0,0.0,0.0,0,0,0,0
11.sql,true,30,0,8,15,7,0,0,0,20,0,0,0,55,0,0,0,0,95680,0.0,0.0,0.0,0,0,0,0
11.sql,false,45,1,10,13,21,1,0,0,21,0,0,0,48,0,0,0,0,95680,0.0,0.0,0.0,0,0,0,0
11.sql,false,38,1,11,19,7,1,0,0,21,0,0,0,56,0,0,0,0,95680,0.0,0.0,0.0,0,0,0,0
10.sql,true,426,162,69,40,155,84,78,0,0,0,0,0,661,0,0,0,0,344528,0.0,0.0,0.0,0,0,0,0
10.sql,false,420,162,62,38,158,83,79,0,0,0,0,0,659,0,0,0,0,344528,0.0,0.0,0.0,0,0,0,0
1.sql,true,749,534,0,0,214,534,0,0,0,0,0,0,0,0,0,0,0,17743537,0.0,0.0,0.0,0,0,0,0
1.sql,false,748,530,0,0,218,530,0,0,0,0,0,0,0,0,0,0,0,17743537,0.0,0.0,0.0,0,0,0,0
