Query,IsWarmup,Millis,PreMillis,JoinMillis,MatMillis,PostMillis,FilterMillis,IndexMillis,GroupByMillis,AggregateMillis,HavingMillis,OrderMillis,Tuples,Samples,Lookups,NrIndexEntries,nrUniqueLookups,NrPlans,JoinCard,AvgReward,MaxReward,TotalWork,DataSize,UctSize,StateSize,JoinSize
9.sql,true,8138,16,819,325,332,13,3,0,332,0,0,0,1479,0,0,0,0,979921,0.0,0.0,0.0,0,0,0,0
9.sql,true,16,0,0,0,16,0,0,0,332,0,0,0,0,0,0,0,0,979921,0.0,0.0,0.0,0,0,0,0
9.sql,false,477,9,222,131,115,5,4,0,115,0,0,0,2367,0,0,0,0,979921,0.0,0.0,0.0,0,0,0,0
9.sql,false,6,0,0,0,5,0,0,0,115,0,0,0,0,0,0,0,0,979921,0.0,0.0,0.0,0,0,0,0
8.sql,true,600,454,136,2,8,259,195,0,8,0,0,0,157,0,0,0,0,7644,0.0,0.0,0.0,0,0,0,0
8.sql,true,17,0,0,0,17,0,0,7,7,3,0,0,0,0,0,0,0,7644,0.0,0.0,0.0,0,0,0,0
8.sql,false,453,425,17,3,7,95,330,0,7,0,0,0,209,0,0,0,0,7644,0.0,0.0,0.0,0,0,0,0
8.sql,false,12,0,0,0,12,0,0,6,3,3,0,0,0,0,0,0,0,7644,0.0,0.0,0.0,0,0,0,0
7.sql,true,1014,786,207,3,17,343,443,0,17,0,0,0,285,0,0,0,0,17331,0.0,0.0,0.0,0,0,0,0
7.sql,true,2,0,0,0,2,0,0,0,17,0,0,0,0,0,0,0,0,17331,0.0,0.0,0.0,0,0,0,0
7.sql,false,344,268,49,5,22,126,142,0,22,0,0,0,443,0,0,0,0,17331,0.0,0.0,0.0,0,0,0,0
7.sql,false,2,0,0,0,2,0,0,0,22,0,0,0,0,0,0,0,0,17331,0.0,0.0,0.0,0,0,0,0
6.sql,true,116,60,0,0,56,60,0,0,56,0,0,0,0,0,0,0,0,342464,0.0,0.0,0.0,0,0,0,0
6.sql,false,125,58,0,0,66,58,0,0,66,0,0,0,0,0,0,0,0,342464,0.0,0.0,0.0,0,0,0,0
5.sql,true,236,37,193,4,2,10,27,0,0,0,0,0,2102,0,0,0,0,22028,0.0,0.0,0.0,0,0,0,0
5.sql,false,288,100,181,5,2,11,89,0,0,0,0,0,2006,0,0,0,0,22028,0.0,0.0,0.0,0,0,0,0
4.sql,true,234,6,210,16,2,4,2,0,0,0,0,0,56,0,0,0,0,158414,0.0,0.0,0.0,0,0,0,0
4.sql,false,33,5,10,16,2,4,1,0,0,0,0,0,54,0,0,0,0,158414,0.0,0.0,0.0,0,0,0,0
3.sql,true,493,408,20,14,51,232,176,0,0,0,0,0,165,0,0,0,0,90026,0.0,0.0,0.0,0,0,0,0
3.sql,false,762,702,18,15,27,527,175,0,0,0,0,0,166,0,0,0,0,90026,0.0,0.0,0.0,0,0,0,0
21.sql,true,614,413,195,2,4,113,300,0,0,0,0,0,379,0,0,0,0,12426,0.0,0.0,0.0,0,0,0,0
21.sql,false,470,415,49,2,4,113,302,0,0,0,0,0,307,0,0,0,0,12426,0.0,0.0,0.0,0,0,0,0
20.sql,true,4,4,0,0,0,4,0,0,0,0,0,0,0,0,0,0,0,6491,0.0,0.0,0.0,0,0,0,0
20.sql,true,142,37,0,0,105,37,0,0,0,0,0,0,0,0,0,0,0,2733944,0.0,0.0,0.0,0,0,0,0
20.sql,true,404,359,43,2,0,0,359,0,0,0,0,0,659,0,0,0,0,17538,0.0,0.0,0.0,0,0,0,0
20.sql,true,7,4,3,0,0,2,2,0,0,0,0,0,1,0,0,0,0,557,0.0,0.0,0.0,0,0,0,0
20.sql,false,4,4,0,0,0,4,0,0,0,0,0,0,0,0,0,0,0,6491,0.0,0.0,0.0,0,0,0,0
20.sql,false,134,37,0,0,97,37,0,0,0,0,0,0,0,0,0,0,0,2733944,0.0,0.0,0.0,0,0,0,0
20.sql,false,374,330,42,2,0,0,330,0,0,0,0,0,656,0,0,0,0,17538,0.0,0.0,0.0,0,0,0,0
20.sql,false,5,3,1,1,0,1,2,0,0,0,0,0,1,0,0,0,0,557,0.0,0.0,0.0,0,0,0,0
2.sql,true,105,1,16,74,14,1,0,0,0,0,0,0,104,0,0,0,0,478400,0.0,0.0,0.0,0,0,0,0
2.sql,true,142,66,62,13,1,5,61,0,0,0,1,0,17,0,0,0,0,1419,0.0,0.0,0.0,0,0,0,0
2.sql,false,111,1,32,65,13,1,0,0,0,0,0,0,86,0,0,0,0,478400,0.0,0.0,0.0,0,0,0,0
2.sql,false,105,63,39,1,1,5,58,0,0,0,1,0,21,0,0,0,0,1419,0.0,0.0,0.0,0,0,0,0
19.sql,true,1298,1102,195,0,1,118,984,0,1,0,0,0,230,0,0,0,0,364,0.0,0.0,0.0,0,0,0,0
19.sql,false,801,774,26,0,1,110,664,0,1,0,0,0,251,0,0,0,0,364,0.0,0.0,0.0,0,0,0,0
18.sql,true,127,0,0,0,127,0,0,0,0,0,0,0,0,0,0,0,0,17996609,0.0,0.0,0.0,0,0,0,0
18.sql,true,78,0,74,1,3,0,0,0,0,0,0,0,1722,0,0,0,0,1253,0.0,0.0,0.0,0,0,0,0
18.sql,false,126,0,0,0,126,0,0,0,0,0,0,0,0,0,0,0,0,17996609,0.0,0.0,0.0,0,0,0,0
18.sql,false,74,0,69,2,3,0,0,0,0,0,0,0,1773,0,0,0,0,1253,0.0,0.0,0.0,0,0,0,0
17.sql,true,130,0,0,0,130,0,0,0,130,0,0,0,0,0,0,0,0,17996609,0.0,0.0,0.0,0,0,0,0
17.sql,true,78,64,12,0,1,1,63,0,1,0,0,0,16,0,0,0,0,1632,0.0,0.0,0.0,0,0,0,0
17.sql,false,16,0,0,0,16,0,0,0,16,0,0,0,0,0,0,0,0,17996609,0.0,0.0,0.0,0,0,0,0
17.sql,false,71,67,2,2,0,4,63,0,0,0,0,0,11,0,0,0,0,1632,0.0,0.0,0.0,0,0,0,0
16.sql,true,2,2,0,0,0,2,0,0,0,0,0,0,0,0,0,0,0,15,0.0,0.0,0.0,0,0,0,0
16.sql,true,25,6,13,2,4,5,1,0,0,0,0,0,34,0,0,0,0,11997,0.0,0.0,0.0,0,0,0,0
16.sql,false,2,2,0,0,0,2,0,0,0,0,0,0,0,0,0,0,0,15,0.0,0.0,0.0,0,0,0,0
16.sql,false,14,6,2,2,4,6,0,0,0,0,0,0,16,0,0,0,0,11997,0.0,0.0,0.0,0,0,0,0
14.sql,true,132,12,8,23,89,7,5,0,89,0,0,0,82,0,0,0,0,224637,0.0,0.0,0.0,0,0,0,0
14.sql,false,147,11,8,23,105,6,5,0,105,0,0,0,82,0,0,0,0,224637,0.0,0.0,0.0,0,0,0,0
12.sql,true,133,57,5,11,60,56,1,5,45,10,0,0,35,0,0,0,0,93144,0.0,0.0,0.0,0,0,0,0
12.sql,false,145,57,5,10,73,55,2,6,61,6,0,0,35,0,0,0,0,93144,0.0,0.0,0.0,0,0,0,0
11.sql,true,37,1,5,10,20,1,0,0,20,0,0,0,134,0,0,0,0,95680,0.0,0.0,0.0,0,0,0,0
11.sql,true,22,1,5,11,5,1,0,0,20,0,0,0,44,0,0,0,0,95680,0.0,0.0,0.0,0,0,0,0
11.sql,false,37,1,4,11,21,1,0,0,21,0,0,0,62,0,0,0,0,95680,0.0,0.0,0.0,0,0,0,0
11.sql,false,22,1,3,12,6,1,0,0,21,0,0,0,38,0,0,0,0,95680,0.0,0.0,0.0,0,0,0,0
10.sql,true,1473,155,1139,34,145,82,73,0,0,0,0,0,201,0,0,0,0,344528,0.0,0.0,0.0,0,0,0,0
10.sql,false,256,58,17,41,140,27,31,0,0,0,0,0,193,0,0,0,0,344528,0.0,0.0,0.0,0,0,0,0
1.sql,true,546,471,0,0,74,471,0,0,0,0,0,0,0,0,0,0,0,17743537,0.0,0.0,0.0,0,0,0,0
1.sql,false,568,492,0,0,76,492,0,0,0,0,0,0,0,0,0,0,0,17743537,0.0,0.0,0.0,0,0,0,0
