Query,IsWarmup,Millis,PreMillis,JoinMillis,MatMillis,PostMillis,FilterMillis,IndexMillis,GroupByMillis,AggregateMillis,HavingMillis,OrderMillis,Tuples,Samples,Lookups,NrIndexEntries,nrUniqueLookups,NrPlans,JoinCard,AvgReward,MaxReward,TotalWork,DataSize,UctSize,StateSize,JoinSize
9.sql,true,8222,20,880,321,341,16,4,0,340,0,0,0,4769,0,0,0,0,979921,0.0,0.0,0.0,0,0,0,0
9.sql,true,21,0,0,0,21,0,0,0,340,0,0,0,0,0,0,0,0,979921,0.0,0.0,0.0,0,0,0,0
9.sql,false,690,12,358,169,151,9,3,0,151,0,0,0,4651,0,0,0,0,979921,0.0,0.0,0.0,0,0,0,0
9.sql,false,8,0,0,0,7,0,0,0,151,0,0,0,0,0,0,0,0,979921,0.0,0.0,0.0,0,0,0,0
8.sql,true,699,543,147,1,8,230,313,0,8,0,0,0,353,0,0,0,0,7644,0.0,0.0,0.0,0,0,0,0
8.sql,true,17,0,0,0,17,0,0,7,7,3,0,0,0,0,0,0,0,7644,0.0,0.0,0.0,0,0,0,0
8.sql,false,224,174,41,2,7,121,53,0,7,0,0,0,427,0,0,0,0,7644,0.0,0.0,0.0,0,0,0,0
8.sql,false,15,0,0,0,15,0,0,7,4,4,0,0,0,0,0,0,0,7644,0.0,0.0,0.0,0,0,0,0
7.sql,true,1109,864,218,4,22,345,519,0,22,0,0,0,1068,0,0,0,0,17331,0.0,0.0,0.0,0,0,0,0
7.sql,true,1,0,0,0,1,0,0,0,22,0,0,0,0,0,0,0,0,17331,0.0,0.0,0.0,0,0,0,0
7.sql,false,606,334,244,6,22,124,210,0,22,0,0,0,3276,0,0,0,0,17331,0.0,0.0,0.0,0,0,0,0
7.sql,false,1,0,0,0,1,0,0,0,22,0,0,0,0,0,0,0,0,17331,0.0,0.0,0.0,0,0,0,0
6.sql,true,130,69,0,0,61,69,0,0,61,0,0,0,0,0,0,0,0,342464,0.0,0.0,0.0,0,0,0,0
6.sql,false,143,67,0,0,76,67,0,0,76,0,0,0,0,0,0,0,0,342464,0.0,0.0,0.0,0,0,0,0
5.sql,true,653,34,614,4,1,10,24,0,0,0,0,0,6324,0,0,0,0,22028,0.0,0.0,0.0,0,0,0,0
5.sql,false,496,32,458,5,1,9,23,0,0,0,0,0,5062,0,0,0,0,22028,0.0,0.0,0.0,0,0,0,0
4.sql,true,191,5,166,18,1,4,1,0,0,0,0,0,171,0,0,0,0,158414,0.0,0.0,0.0,0,0,0,0
4.sql,false,48,4,24,19,1,3,1,0,0,0,0,0,173,0,0,0,0,158414,0.0,0.0,0.0,0,0,0,0
3.sql,true,688,560,68,9,51,357,203,0,0,0,0,0,577,0,0,0,0,90026,0.0,0.0,0.0,0,0,0,0
3.sql,false,521,417,68,9,27,210,207,0,0,0,0,0,577,0,0,0,0,90026,0.0,0.0,0.0,0,0,0,0
21.sql,true,805,573,227,3,2,127,446,0,0,0,0,0,774,0,0,0,0,12426,0.0,0.0,0.0,0,0,0,0
21.sql,false,691,581,105,3,2,128,453,0,0,0,0,0,727,0,0,0,0,12426,0.0,0.0,0.0,0,0,0,0
20.sql,true,7,7,0,0,0,6,1,0,0,0,0,0,0,0,0,0,0,6491,0.0,0.0,0.0,0,0,0,0
20.sql,true,217,41,0,0,175,41,0,0,0,0,0,0,0,0,0,0,0,2733944,0.0,0.0,0.0,0,0,0,0
20.sql,true,448,372,74,2,0,0,372,0,0,0,0,0,2307,0,0,0,0,17538,0.0,0.0,0.0,0,0,0,0
20.sql,true,5,3,2,0,0,1,2,0,0,0,0,0,3,0,0,0,0,557,0.0,0.0,0.0,0,0,0,0
20.sql,false,6,6,0,0,0,6,0,0,0,0,0,0,0,0,0,0,0,6491,0.0,0.0,0.0,0,0,0,0
20.sql,false,223,40,0,0,183,40,0,0,0,0,0,0,0,0,0,0,0,2733944,0.0,0.0,0.0,0,0,0,0
20.sql,false,404,340,62,2,0,0,340,0,0,0,0,0,2296,0,0,0,0,17538,0.0,0.0,0.0,0,0,0,0
20.sql,false,4,3,1,0,0,1,2,0,0,0,0,0,3,0,0,0,0,557,0.0,0.0,0.0,0,0,0,0
2.sql,true,149,0,52,74,23,0,0,0,0,0,0,0,277,0,0,0,0,478400,0.0,0.0,0.0,0,0,0,0
2.sql,true,114,61,50,2,1,2,59,0,0,0,1,0,31,0,0,0,0,1419,0.0,0.0,0.0,0,0,0,0
2.sql,false,196,0,68,103,24,0,0,0,0,0,0,0,246,0,0,0,0,478400,0.0,0.0,0.0,0,0,0,0
2.sql,false,66,61,3,1,1,2,59,0,0,0,1,0,41,0,0,0,0,1419,0.0,0.0,0.0,0,0,0,0
19.sql,true,1757,578,1178,0,1,121,457,0,1,0,0,0,817,0,0,0,0,364,0.0,0.0,0.0,0,0,0,0
19.sql,false,275,214,59,2,0,87,127,0,0,0,0,0,795,0,0,0,0,364,0.0,0.0,0.0,0,0,0,0
18.sql,true,140,0,0,0,140,0,0,0,0,0,0,0,0,0,0,0,0,17996609,0.0,0.0,0.0,0,0,0,0
18.sql,true,125,0,123,0,2,0,0,0,0,0,0,0,4644,0,0,0,0,1253,0.0,0.0,0.0,0,0,0,0
18.sql,false,138,0,0,0,138,0,0,0,0,0,0,0,0,0,0,0,0,17996609,0.0,0.0,0.0,0,0,0,0
18.sql,false,119,0,117,1,1,0,0,0,0,0,0,0,4746,0,0,0,0,1253,0.0,0.0,0.0,0,0,0,0
17.sql,true,138,0,0,0,138,0,0,0,138,0,0,0,0,0,0,0,0,17996609,0.0,0.0,0.0,0,0,0,0
17.sql,true,67,50,16,0,1,1,49,0,1,0,0,0,60,0,0,0,0,1632,0.0,0.0,0.0,0,0,0,0
17.sql,false,13,0,0,0,13,0,0,0,13,0,0,0,0,0,0,0,0,17996609,0.0,0.0,0.0,0,0,0,0
17.sql,false,68,64,3,0,1,3,61,0,1,0,0,0,18,0,0,0,0,1632,0.0,0.0,0.0,0,0,0,0
16.sql,true,2,2,0,0,0,2,0,0,0,0,0,0,0,0,0,0,0,15,0.0,0.0,0.0,0,0,0,0
16.sql,true,27,5,17,2,3,5,0,0,0,0,0,0,38,0,0,0,0,11997,0.0,0.0,0.0,0,0,0,0
16.sql,false,2,2,0,0,0,2,0,0,0,0,0,0,0,0,0,0,0,15,0.0,0.0,0.0,0,0,0,0
16.sql,false,12,5,2,2,3,4,1,0,0,0,0,0,26,0,0,0,0,11997,0.0,0.0,0.0,0,0,0,0
14.sql,true,209,14,20,27,148,6,8,0,148,0,0,0,292,0,0,0,0,224637,0.0,0.0,0.0,0,0,0,0
14.sql,false,140,14,22,27,77,6,8,0,77,0,0,0,293,0,0,0,0,224637,0.0,0.0,0.0,0,0,0,0
12.sql,true,151,63,13,16,59,62,1,6,44,9,0,0,128,0,0,0,0,93144,0.0,0.0,0.0,0,0,0,0
12.sql,false,152,61,12,12,67,60,1,7,54,6,0,0,127,0,0,0,0,93144,0.0,0.0,0.0,0,0,0,0
11.sql,true,38,1,9,10,18,0,1,0,18,0,0,0,43,0,0,0,0,95680,0.0,0.0,0.0,0,0,0,0
11.sql,true,32,0,13,13,6,0,0,0,18,0,0,0,73,0,0,0,0,95680,0.0,0.0,0.0,0,0,0,0
11.sql,false,46,1,9,13,23,1,0,0,23,0,0,0,43,0,0,0,0,95680,0.0,0.0,0.0,0,0,0,0
11.sql,false,37,1,13,17,6,1,0,0,23,0,0,0,75,0,0,0,0,95680,0.0,0.0,0.0,0,0,0,0
10.sql,true,382,140,52,37,153,81,59,0,0,0,0,0,650,0,0,0,0,344528,0.0,0.0,0.0,0,0,0,0
10.sql,false,408,159,57,46,146,83,76,0,0,0,0,0,666,0,0,0,0,344528,0.0,0.0,0.0,0,0,0,0
1.sql,true,728,511,0,0,216,511,0,0,0,0,0,0,0,0,0,0,0,17743537,0.0,0.0,0.0,0,0,0,0
1.sql,false,737,521,0,0,216,521,0,0,0,0,0,0,0,0,0,0,0,17743537,0.0,0.0,0.0,0,0,0,0
