Query,IsWarmup,Millis,PreMillis,JoinMillis,MatMillis,PostMillis,FilterMillis,IndexMillis,GroupByMillis,AggregateMillis,HavingMillis,OrderMillis,Tuples,Samples,Lookups,NrIndexEntries,nrUniqueLookups,NrPlans,JoinCard,AvgReward,MaxReward,TotalWork,DataSize,UctSize,StateSize,JoinSize
9.sql,true,7999,16,713,344,290,12,4,0,289,0,0,0,1680,0,0,0,0,979921,0.0,0.0,0.0,0,0,0,0
9.sql,true,14,0,0,0,14,0,0,0,289,0,0,0,0,0,0,0,0,979921,0.0,0.0,0.0,0,0,0,0
9.sql,false,696,9,325,157,205,5,4,0,205,0,0,0,1649,0,0,0,0,979921,0.0,0.0,0.0,0,0,0,0
9.sql,false,7,0,0,0,6,0,0,0,205,0,0,0,0,0,0,0,0,979921,0.0,0.0,0.0,0,0,0,0
8.sql,true,622,492,119,3,8,268,224,0,8,0,0,0,145,0,0,0,0,7644,0.0,0.0,0.0,0,0,0,0
8.sql,true,17,0,0,0,17,0,0,7,7,3,0,0,0,0,0,0,0,7644,0.0,0.0,0.0,0,0,0,0
8.sql,false,304,272,21,3,8,128,144,0,8,0,0,0,234,0,0,0,0,7644,0.0,0.0,0.0,0,0,0,0
8.sql,false,12,0,0,0,11,0,0,5,4,2,0,0,0,0,0,0,0,7644,0.0,0.0,0.0,0,0,0,0
7.sql,true,1080,845,205,4,24,393,452,0,24,0,0,0,391,0,0,0,0,17331,0.0,0.0,0.0,0,0,0,0
7.sql,true,2,0,0,0,2,0,0,0,24,0,0,0,0,0,0,0,0,17331,0.0,0.0,0.0,0,0,0,0
7.sql,false,354,276,49,2,26,122,154,0,26,0,0,0,510,0,0,0,0,17331,0.0,0.0,0.0,0,0,0,0
7.sql,false,2,0,0,0,1,0,0,0,26,0,0,0,0,0,0,0,0,17331,0.0,0.0,0.0,0,0,0,0
6.sql,true,129,60,0,0,68,60,0,0,68,0,0,0,0,0,0,0,0,342464,0.0,0.0,0.0,0,0,0,0
6.sql,false,120,58,0,0,62,58,0,0,62,0,0,0,0,0,0,0,0,342464,0.0,0.0,0.0,0,0,0,0
5.sql,true,264,26,232,4,2,10,16,0,0,0,0,0,2440,0,0,0,0,22028,0.0,0.0,0.0,0,0,0,0
5.sql,false,204,26,173,3,2,10,16,0,0,0,0,0,2293,0,0,0,0,22028,0.0,0.0,0.0,0,0,0,0
4.sql,true,281,5,258,15,2,4,1,0,0,0,0,0,70,0,0,0,0,158414,0.0,0.0,0.0,0,0,0,0
4.sql,false,36,5,13,17,1,4,1,0,0,0,0,0,64,0,0,0,0,158414,0.0,0.0,0.0,0,0,0,0
3.sql,true,695,604,26,11,54,422,182,0,0,0,0,0,209,0,0,0,0,90026,0.0,0.0,0.0,0,0,0,0
3.sql,false,460,391,26,14,29,209,182,0,0,0,0,0,210,0,0,0,0,90026,0.0,0.0,0.0,0,0,0,0
21.sql,true,649,444,199,1,4,113,331,0,0,0,0,0,352,0,0,0,0,12426,0.0,0.0,0.0,0,0,0,0
21.sql,false,501,438,57,2,4,113,325,0,0,0,0,0,360,0,0,0,0,12426,0.0,0.0,0.0,0,0,0,0
20.sql,true,4,4,0,0,0,4,0,0,0,0,0,0,0,0,0,0,0,6491,0.0,0.0,0.0,0,0,0,0
20.sql,true,149,37,0,0,112,37,0,0,0,0,0,0,0,0,0,0,0,2733944,0.0,0.0,0.0,0,0,0,0
20.sql,true,443,386,55,2,0,0,386,0,0,0,0,0,802,0,0,0,0,17538,0.0,0.0,0.0,0,0,0,0
20.sql,true,8,5,3,0,0,1,4,0,0,0,0,0,1,0,0,0,0,557,0.0,0.0,0.0,0,0,0,0
20.sql,false,4,4,0,0,0,4,0,0,0,0,0,0,0,0,0,0,0,6491,0.0,0.0,0.0,0,0,0,0
20.sql,false,137,37,0,0,100,37,0,0,0,0,0,0,0,0,0,0,0,2733944,0.0,0.0,0.0,0,0,0,0
20.sql,false,388,340,44,3,0,0,340,0,0,0,0,0,798,0,0,0,0,17538,0.0,0.0,0.0,0,0,0,0
20.sql,false,5,3,1,1,0,1,2,0,0,0,0,0,11,0,0,0,0,557,0.0,0.0,0.0,0,0,0,0
2.sql,true,135,2,26,94,13,2,0,0,0,0,0,0,148,0,0,0,0,478400,0.0,0.0,0.0,0,0,0,0
2.sql,true,126,63,62,0,1,4,59,0,0,0,1,0,21,0,0,0,0,1419,0.0,0.0,0.0,0,0,0,0
2.sql,false,121,2,39,66,14,1,1,0,0,0,0,0,109,0,0,0,0,478400,0.0,0.0,0.0,0,0,0,0
2.sql,false,67,62,3,1,1,3,59,0,0,0,1,0,24,0,0,0,0,1419,0.0,0.0,0.0,0,0,0,0
19.sql,true,1294,1015,275,1,1,119,896,0,1,0,0,0,275,0,0,0,0,364,0.0,0.0,0.0,0,0,0,0
19.sql,false,587,565,21,0,1,111,454,0,1,0,0,0,281,0,0,0,0,364,0.0,0.0,0.0,0,0,0,0
18.sql,true,129,0,0,0,129,0,0,0,0,0,0,0,0,0,0,0,0,17996609,0.0,0.0,0.0,0,0,0,0
18.sql,true,58,0,55,1,2,0,0,0,0,0,0,0,1843,0,0,0,0,1253,0.0,0.0,0.0,0,0,0,0
18.sql,false,126,0,0,0,126,0,0,0,0,0,0,0,0,0,0,0,0,17996609,0.0,0.0,0.0,0,0,0,0
18.sql,false,62,0,58,1,3,0,0,0,0,0,0,0,1873,0,0,0,0,1253,0.0,0.0,0.0,0,0,0,0
17.sql,true,104,0,0,0,103,0,0,0,103,0,0,0,0,0,0,0,0,17996609,0.0,0.0,0.0,0,0,0,0
17.sql,true,82,65,15,1,1,2,63,0,1,0,0,0,246,0,0,0,0,1632,0.0,0.0,0.0,0,0,0,0
17.sql,false,15,0,0,0,15,0,0,0,15,0,0,0,0,0,0,0,0,17996609,0.0,0.0,0.0,0,0,0,0
17.sql,false,70,67,2,0,1,3,64,0,1,0,0,0,12,0,0,0,0,1632,0.0,0.0,0.0,0,0,0,0
16.sql,true,2,2,0,0,0,2,0,0,0,0,0,0,0,0,0,0,0,15,0.0,0.0,0.0,0,0,0,0
16.sql,true,23,6,11,2,4,6,0,0,0,0,0,0,28,0,0,0,0,11997,0.0,0.0,0.0,0,0,0,0
16.sql,false,2,2,0,0,0,2,0,0,0,0,0,0,0,0,0,0,0,15,0.0,0.0,0.0,0,0,0,0
16.sql,false,13,5,1,3,4,5,0,0,0,0,0,0,17,0,0,0,0,11997,0.0,0.0,0.0,0,0,0,0
14.sql,true,142,12,8,24,98,6,6,0,98,0,0,0,100,0,0,0,0,224637,0.0,0.0,0.0,0,0,0,0
14.sql,false,117,12,10,25,70,6,6,0,70,0,0,0,122,0,0,0,0,224637,0.0,0.0,0.0,0,0,0,0
12.sql,true,134,58,6,12,58,56,2,2,47,9,0,0,42,0,0,0,0,93144,0.0,0.0,0.0,0,0,0,0
12.sql,false,146,57,6,11,72,56,1,3,63,6,0,0,42,0,0,0,0,93144,0.0,0.0,0.0,0,0,0,0
11.sql,true,41,1,7,10,23,1,0,0,23,0,0,0,137,0,0,0,0,95680,0.0,0.0,0.0,0,0,0,0
11.sql,true,25,1,7,11,6,1,0,0,23,0,0,0,60,0,0,0,0,95680,0.0,0.0,0.0,0,0,0,0
11.sql,false,34,1,4,12,17,1,0,0,17,0,0,0,21,0,0,0,0,95680,0.0,0.0,0.0,0,0,0,0
11.sql,false,23,1,6,11,5,1,0,0,17,0,0,0,125,0,0,0,0,95680,0.0,0.0,0.0,0,0,0,0
10.sql,true,383,157,22,55,149,82,75,0,0,0,0,0,244,0,0,0,0,344528,0.0,0.0,0.0,0,0,0,0
10.sql,false,367,158,23,41,145,83,75,0,0,0,0,0,253,0,0,0,0,344528,0.0,0.0,0.0,0,0,0,0
1.sql,true,1582,1492,0,0,89,1492,0,0,0,0,0,0,0,0,0,0,0,17743537,0.0,0.0,0.0,0,0,0,0
1.sql,false,409,320,0,0,89,320,0,0,0,0,0,0,0,0,0,0,0,17743537,0.0,0.0,0.0,0,0,0,0
