Query,IsWarmup,Millis,PreMillis,JoinMillis,MatMillis,PostMillis,FilterMillis,IndexMillis,GroupByMillis,AggregateMillis,HavingMillis,OrderMillis,Tuples,Samples,Lookups,NrIndexEntries,nrUniqueLookups,NrPlans,JoinCard,AvgReward,MaxReward,TotalWork,DataSize,UctSize,StateSize,JoinSize
9.sql,true,8255,16,938,287,353,12,4,0,352,0,0,0,1496,0,0,0,0,979921,0.0,0.0,0.0,0,0,0,0
9.sql,true,15,0,0,0,14,0,0,0,352,0,0,0,0,0,0,0,0,979921,0.0,0.0,0.0,0,0,0,0
9.sql,false,569,9,265,151,144,5,4,0,144,0,0,0,2480,0,0,0,0,979921,0.0,0.0,0.0,0,0,0,0
9.sql,false,4,0,0,0,4,0,0,0,144,0,0,0,0,0,0,0,0,979921,0.0,0.0,0.0,0,0,0,0
8.sql,true,584,435,137,4,8,244,191,0,8,0,0,0,159,0,0,0,0,7644,0.0,0.0,0.0,0,0,0,0
8.sql,true,17,0,0,0,17,0,0,7,7,3,0,0,0,0,0,0,0,7644,0.0,0.0,0.0,0,0,0,0
8.sql,false,367,341,16,2,8,26,315,0,8,0,0,0,196,0,0,0,0,7644,0.0,0.0,0.0,0,0,0,0
8.sql,false,13,0,0,0,12,0,0,6,3,3,0,0,0,0,0,0,0,7644,0.0,0.0,0.0,0,0,0,0
7.sql,true,1126,886,214,4,21,406,480,0,21,0,0,0,287,0,0,0,0,17331,0.0,0.0,0.0,0,0,0,0
7.sql,true,2,1,0,0,1,1,0,0,21,0,0,0,0,0,0,0,0,17331,0.0,0.0,0.0,0,0,0,0
7.sql,false,365,271,77,4,13,124,147,0,13,0,0,0,733,0,0,0,0,17331,0.0,0.0,0.0,0,0,0,0
7.sql,false,2,0,0,0,1,0,0,0,13,0,0,0,0,0,0,0,0,17331,0.0,0.0,0.0,0,0,0,0
6.sql,true,105,61,0,0,43,61,0,0,43,0,0,0,0,0,0,0,0,342464,0.0,0.0,0.0,0,0,0,0
6.sql,false,144,60,0,0,84,60,0,0,83,0,0,0,0,0,0,0,0,342464,0.0,0.0,0.0,0,0,0,0
5.sql,true,311,25,280,4,2,10,15,0,0,0,0,0,2445,0,0,0,0,22028,0.0,0.0,0.0,0,0,0,0
5.sql,false,359,105,247,4,2,11,94,0,0,0,0,0,2279,0,0,0,0,22028,0.0,0.0,0.0,0,0,0,0
4.sql,true,219,5,196,15,2,4,1,0,0,0,0,0,56,0,0,0,0,158414,0.0,0.0,0.0,0,0,0,0
4.sql,false,32,6,10,15,1,4,2,0,0,0,0,0,54,0,0,0,0,158414,0.0,0.0,0.0,0,0,0,0
3.sql,true,480,397,22,11,50,214,183,0,0,0,0,0,165,0,0,0,0,90026,0.0,0.0,0.0,0,0,0,0
3.sql,false,784,728,19,10,27,548,180,0,0,0,0,0,166,0,0,0,0,90026,0.0,0.0,0.0,0,0,0,0
21.sql,true,624,427,191,2,4,113,314,0,0,0,0,0,357,0,0,0,0,12426,0.0,0.0,0.0,0,0,0,0
21.sql,false,484,426,51,3,4,113,313,0,0,0,0,0,315,0,0,0,0,12426,0.0,0.0,0.0,0,0,0,0
20.sql,true,4,4,0,0,0,4,0,0,0,0,0,0,0,0,0,0,0,6491,0.0,0.0,0.0,0,0,0,0
20.sql,true,139,38,0,0,101,38,0,0,0,0,0,0,0,0,0,0,0,2733944,0.0,0.0,0.0,0,0,0,0
20.sql,true,398,355,41,2,0,0,355,0,0,0,0,0,657,0,0,0,0,17538,0.0,0.0,0.0,0,0,0,0
20.sql,true,5,3,2,0,0,1,2,0,0,0,0,0,1,0,0,0,0,557,0.0,0.0,0.0,0,0,0,0
20.sql,false,4,4,0,0,0,4,0,0,0,0,0,0,0,0,0,0,0,6491,0.0,0.0,0.0,0,0,0,0
20.sql,false,128,38,0,0,90,38,0,0,0,0,0,0,0,0,0,0,0,2733944,0.0,0.0,0.0,0,0,0,0
20.sql,false,356,322,31,3,0,0,322,0,0,0,0,0,698,0,0,0,0,17538,0.0,0.0,0.0,0,0,0,0
20.sql,false,15,3,1,10,1,2,1,0,0,0,1,0,10,0,0,0,0,557,0.0,0.0,0.0,0,0,0,0
2.sql,true,104,1,36,53,13,1,0,0,0,0,0,0,86,0,0,0,0,478400,0.0,0.0,0.0,0,0,0,0
2.sql,true,157,62,93,0,2,4,58,0,1,0,1,0,20,0,0,0,0,1419,0.0,0.0,0.0,0,0,0,0
2.sql,false,103,1,38,51,13,1,0,0,0,0,0,0,91,0,0,0,0,478400,0.0,0.0,0.0,0,0,0,0
2.sql,false,68,62,3,2,1,4,58,0,0,0,1,0,25,0,0,0,0,1419,0.0,0.0,0.0,0,0,0,0
19.sql,true,1250,1063,185,2,0,120,943,0,0,0,0,0,236,0,0,0,0,364,0.0,0.0,0.0,0,0,0,0
19.sql,false,730,710,18,1,1,112,598,0,1,0,0,0,238,0,0,0,0,364,0.0,0.0,0.0,0,0,0,0
18.sql,true,128,0,0,0,128,0,0,0,0,0,0,0,0,0,0,0,0,17996609,0.0,0.0,0.0,0,0,0,0
18.sql,true,67,1,62,1,3,1,0,0,0,0,0,0,1918,0,0,0,0,1253,0.0,0.0,0.0,0,0,0,0
18.sql,false,124,0,0,0,124,0,0,0,0,0,0,0,0,0,0,0,0,17996609,0.0,0.0,0.0,0,0,0,0
18.sql,false,39,1,34,0,3,1,0,0,0,0,0,0,1318,0,0,0,0,1253,0.0,0.0,0.0,0,0,0,0
17.sql,true,124,0,0,0,124,0,0,0,124,0,0,0,0,0,0,0,0,17996609,0.0,0.0,0.0,0,0,0,0
17.sql,true,80,66,12,1,1,2,64,0,1,0,0,0,65,0,0,0,0,1632,0.0,0.0,0.0,0,0,0,0
17.sql,false,15,0,0,0,15,0,0,0,15,0,0,0,0,0,0,0,0,17996609,0.0,0.0,0.0,0,0,0,0
17.sql,false,72,68,2,1,1,4,64,0,1,0,0,0,11,0,0,0,0,1632,0.0,0.0,0.0,0,0,0,0
16.sql,true,2,2,0,0,0,2,0,0,0,0,0,0,0,0,0,0,0,15,0.0,0.0,0.0,0,0,0,0
16.sql,true,1023,6,1011,2,4,5,1,0,0,0,0,0,27,0,0,0,0,11997,0.0,0.0,0.0,0,0,0,0
16.sql,false,3,3,0,0,0,3,0,0,0,0,0,0,0,0,0,0,0,15,0.0,0.0,0.0,0,0,0,0
16.sql,false,17,4,6,1,5,4,0,0,0,0,0,0,27,0,0,0,0,11997,0.0,0.0,0.0,0,0,0,0
14.sql,true,183,7,6,22,148,3,4,0,148,0,0,0,82,0,0,0,0,224637,0.0,0.0,0.0,0,0,0,0
14.sql,false,145,7,6,31,101,3,4,0,101,0,0,0,82,0,0,0,0,224637,0.0,0.0,0.0,0,0,0,0
12.sql,true,98,24,5,9,60,23,1,2,48,10,0,0,35,0,0,0,0,93144,0.0,0.0,0.0,0,0,0,0
12.sql,false,110,26,4,9,71,26,0,3,62,6,0,0,35,0,0,0,0,93144,0.0,0.0,0.0,0,0,0,0
11.sql,true,28,1,3,10,13,1,0,0,13,0,0,0,19,0,0,0,0,95680,0.0,0.0,0.0,0,0,0,0
11.sql,true,18,1,4,8,5,1,0,0,13,0,0,0,44,0,0,0,0,95680,0.0,0.0,0.0,0,0,0,0
11.sql,false,34,1,3,10,20,1,0,0,20,0,0,0,19,0,0,0,0,95680,0.0,0.0,0.0,0,0,0,0
11.sql,false,22,2,3,12,5,2,0,0,20,0,0,0,21,0,0,0,0,95680,0.0,0.0,0.0,0,0,0,0
10.sql,true,266,63,21,37,145,36,27,0,0,0,0,0,222,0,0,0,0,344528,0.0,0.0,0.0,0,0,0,0
10.sql,false,270,64,21,43,142,26,38,0,0,0,0,0,222,0,0,0,0,344528,0.0,0.0,0.0,0,0,0,0
1.sql,true,565,492,0,0,73,492,0,0,0,0,0,0,0,0,0,0,0,17743537,0.0,0.0,0.0,0,0,0,0
1.sql,false,443,369,0,0,74,369,0,0,0,0,0,0,0,0,0,0,0,17743537,0.0,0.0,0.0,0,0,0,0
