Query,IsWarmup,Millis,PreMillis,JoinMillis,MatMillis,PostMillis,FilterMillis,IndexMillis,GroupByMillis,AggregateMillis,HavingMillis,OrderMillis,Tuples,Samples,Lookups,NrIndexEntries,nrUniqueLookups,NrPlans,JoinCard,AvgReward,MaxReward,TotalWork,DataSize,UctSize,StateSize,JoinSize
33c.sql,true,7576,471,136,23,0,46,425,0,0,0,0,0,38,0,0,0,0,114,0.0,0.0,0.0,0,0,0,0
33c.sql,false,373,229,127,17,0,28,201,0,0,0,0,0,42,0,0,0,0,114,0.0,0.0,0.0,0,0,0,0
33b.sql,true,138,80,57,1,0,47,33,0,0,0,0,0,22,0,0,0,0,4,0.0,0.0,0.0,0,0,0,0
33b.sql,false,106,47,45,14,0,17,30,0,0,0,0,0,21,0,0,0,0,4,0.0,0.0,0.0,0,0,0,0
33a.sql,true,140,44,83,13,0,22,22,0,0,0,0,0,37,0,0,0,0,8,0.0,0.0,0.0,0,0,0,0
33a.sql,false,73,43,17,12,0,21,22,0,0,0,0,0,19,0,0,0,0,8,0.0,0.0,0.0,0,0,0,0
32b.sql,true,188,1,181,5,1,1,0,0,1,0,0,0,104,0,0,0,0,4388,0.0,0.0,0.0,0,0,0,0
32b.sql,false,39,1,33,4,1,1,0,0,1,0,0,0,102,0,0,0,0,4388,0.0,0.0,0.0,0,0,0,0
32a.sql,true,4,1,2,1,0,1,0,0,0,0,0,0,1,0,0,0,0,0,0.0,0.0,0.0,0,0,0,0
32a.sql,false,3,1,2,0,0,1,0,0,0,0,0,0,1,0,0,0,0,0,0.0,0.0,0.0,0,0,0,0
31c.sql,true,223,211,8,3,0,167,44,0,0,0,0,0,112,0,0,0,0,2825,0.0,0.0,0.0,0,0,0,0
31c.sql,false,159,147,9,2,1,103,44,0,1,0,0,0,91,0,0,0,0,2825,0.0,0.0,0.0,0,0,0,0
31b.sql,true,152,148,4,0,0,90,58,0,0,0,0,0,17,0,0,0,0,84,0.0,0.0,0.0,0,0,0,0
31b.sql,false,134,129,4,1,0,81,48,0,0,0,0,0,23,0,0,0,0,84,0.0,0.0,0.0,0,0,0,0
31a.sql,true,98,90,6,1,1,45,45,0,1,0,0,0,59,0,0,0,0,1273,0.0,0.0,0.0,0,0,0,0
31a.sql,false,98,90,6,2,0,45,45,0,0,0,0,0,67,0,0,0,0,1273,0.0,0.0,0.0,0,0,0,0
30c.sql,true,130,92,33,5,0,45,47,0,0,0,0,0,290,0,0,0,0,8024,0.0,0.0,0.0,0,0,0,0
30c.sql,false,131,92,30,7,1,46,46,0,1,0,0,0,267,0,0,0,0,8024,0.0,0.0,0.0,0,0,0,0
30b.sql,true,607,595,4,7,1,557,38,0,1,0,0,0,18,0,0,0,0,28,0.0,0.0,0.0,0,0,0,0
30b.sql,false,85,72,5,7,1,38,34,0,1,0,0,0,18,0,0,0,0,28,0.0,0.0,0.0,0,0,0,0
30a.sql,true,107,61,38,8,0,26,35,0,0,0,0,0,42,0,0,0,0,757,0.0,0.0,0.0,0,0,0,0
30a.sql,false,85,61,22,2,0,27,34,0,0,0,0,0,268,0,0,0,0,757,0.0,0.0,0.0,0,0,0,0
29c.sql,true,799,738,34,26,1,596,142,0,1,0,0,0,874,0,0,0,0,16308,0.0,0.0,0.0,0,0,0,0
29c.sql,false,501,451,35,15,0,408,43,0,0,0,0,0,781,0,0,0,0,16308,0.0,0.0,0.0,0,0,0,0
29b.sql,true,280,275,4,0,0,235,40,0,0,0,0,0,22,0,0,0,0,15,0.0,0.0,0.0,0,0,0,0
29b.sql,false,276,272,3,1,0,232,40,0,0,0,0,0,14,0,0,0,0,15,0.0,0.0,0.0,0,0,0,0
29a.sql,true,452,448,3,1,0,407,41,0,0,0,0,0,17,0,0,0,0,1620,0.0,0.0,0.0,0,0,0,0
29a.sql,false,460,455,4,1,0,413,42,0,0,0,0,0,17,0,0,0,0,1620,0.0,0.0,0.0,0,0,0,0
28c.sql,true,124,96,19,9,0,51,45,0,0,0,0,0,363,0,0,0,0,8373,0.0,0.0,0.0,0,0,0,0
28c.sql,false,122,96,19,7,0,49,47,0,0,0,0,0,283,0,0,0,0,8373,0.0,0.0,0.0,0,0,0,0
28b.sql,true,94,71,23,0,0,43,28,0,0,0,0,0,292,0,0,0,0,148,0.0,0.0,0.0,0,0,0,0
28b.sql,false,84,70,13,0,1,44,26,0,1,0,0,0,212,0,0,0,0,148,0.0,0.0,0.0,0,0,0,0
28a.sql,true,123,100,18,4,0,54,46,0,0,0,0,0,348,0,0,0,0,4803,0.0,0.0,0.0,0,0,0,0
28a.sql,false,119,98,18,3,0,51,47,0,0,0,0,0,305,0,0,0,0,4803,0.0,0.0,0.0,0,0,0,0
27c.sql,true,100,94,6,0,0,36,58,0,0,0,0,0,51,0,0,0,0,743,0.0,0.0,0.0,0,0,0,0
27c.sql,false,90,85,3,1,0,32,53,0,0,0,0,0,37,0,0,0,0,743,0.0,0.0,0.0,0,0,0,0
27b.sql,true,65,61,2,1,0,18,43,0,0,0,0,0,25,0,0,0,0,247,0.0,0.0,0.0,0,0,0,0
27b.sql,false,63,58,2,1,0,17,41,0,0,0,0,0,26,0,0,0,0,247,0.0,0.0,0.0,0,0,0,0
27a.sql,true,68,64,3,1,0,24,40,0,0,0,0,0,29,0,0,0,0,477,0.0,0.0,0.0,0,0,0,0
27a.sql,false,75,71,4,0,0,25,46,0,0,0,0,0,34,0,0,0,0,477,0.0,0.0,0.0,0,0,0,0
26c.sql,true,401,63,332,6,0,56,7,0,0,0,0,0,2563,0,0,0,0,5400,0.0,0.0,0.0,0,0,0,0
26c.sql,false,130,69,57,3,1,59,10,0,1,0,0,0,1536,0,0,0,0,5400,0.0,0.0,0.0,0,0,0,0
26b.sql,true,108,70,37,1,0,62,8,0,0,0,0,0,574,0,0,0,0,93,0.0,0.0,0.0,0,0,0,0
26b.sql,false,98,69,28,0,0,60,9,0,0,0,0,0,416,0,0,0,0,93,0.0,0.0,0.0,0,0,0,0
26a.sql,true,120,78,41,1,0,62,16,0,0,0,0,0,730,0,0,0,0,1728,0.0,0.0,0.0,0,0,0,0
26a.sql,false,123,77,45,1,0,61,16,0,0,0,0,0,727,0,0,0,0,1728,0.0,0.0,0.0,0,0,0,0
25c.sql,true,97,55,27,15,0,21,34,0,0,0,0,0,346,0,0,0,0,26153,0.0,0.0,0.0,0,0,0,0
25c.sql,false,93,65,24,4,0,24,41,0,0,0,0,0,284,0,0,0,0,26153,0.0,0.0,0.0,0,0,0,0
25b.sql,true,82,74,1,7,0,37,37,0,0,0,0,0,1,0,0,0,0,6,0.0,0.0,0.0,0,0,0,0
25b.sql,false,80,70,1,9,0,33,37,0,0,0,0,0,1,0,0,0,0,6,0.0,0.0,0.0,0,0,0,0
25a.sql,true,82,60,19,2,0,24,36,0,0,0,0,0,162,0,0,0,0,4407,0.0,0.0,0.0,0,0,0,0
25a.sql,false,70,49,20,1,0,16,33,0,0,0,0,0,167,0,0,0,0,4407,0.0,0.0,0.0,0,0,0,0
24b.sql,true,469,462,2,5,0,414,48,0,0,0,0,0,1,0,0,0,0,45,0.0,0.0,0.0,0,0,0,0
24b.sql,false,563,554,3,6,0,516,38,0,0,0,0,0,18,0,0,0,0,45,0.0,0.0,0.0,0,0,0,0
24a.sql,true,569,554,15,0,0,513,41,0,0,0,0,0,167,0,0,0,0,275,0.0,0.0,0.0,0,0,0,0
24a.sql,false,485,474,9,1,0,434,40,0,0,0,0,0,155,0,0,0,0,275,0.0,0.0,0.0,0,0,0,0
23c.sql,true,77,74,2,1,0,63,11,0,0,0,0,0,22,0,0,0,0,628,0.0,0.0,0.0,0,0,0,0
23c.sql,false,76,73,2,1,0,63,10,0,0,0,0,0,19,0,0,0,0,628,0.0,0.0,0.0,0,0,0,0
23b.sql,true,66,63,2,0,0,53,10,0,0,0,0,0,15,0,0,0,0,16,0.0,0.0,0.0,0,0,0,0
23b.sql,false,71,64,2,5,0,55,9,0,0,0,0,0,18,0,0,0,0,16,0.0,0.0,0.0,0,0,0,0
23a.sql,true,74,70,3,1,0,60,10,0,0,0,0,0,36,0,0,0,0,618,0.0,0.0,0.0,0,0,0,0
23a.sql,false,77,69,3,5,0,60,9,0,0,0,0,0,1,0,0,0,0,618,0.0,0.0,0.0,0,0,0,0
22d.sql,true,78,57,16,4,1,22,35,0,1,0,0,0,296,0,0,0,0,46281,0.0,0.0,0.0,0,0,0,0
22d.sql,false,77,57,14,6,0,24,33,0,0,0,0,0,235,0,0,0,0,46281,0.0,0.0,0.0,0,0,0,0
22c.sql,true,107,92,12,3,0,49,43,0,0,0,0,0,209,0,0,0,0,21489,0.0,0.0,0.0,0,0,0,0
22c.sql,false,112,90,18,4,0,47,43,0,0,0,0,0,289,0,0,0,0,21489,0.0,0.0,0.0,0,0,0,0
22b.sql,true,187,87,99,1,0,45,42,0,0,0,0,0,114,0,0,0,0,31,0.0,0.0,0.0,0,0,0,0
22b.sql,false,99,85,14,0,0,44,41,0,0,0,0,0,146,0,0,0,0,31,0.0,0.0,0.0,0,0,0,0
22a.sql,true,99,85,13,1,0,45,40,0,0,0,0,0,182,0,0,0,0,2851,0.0,0.0,0.0,0,0,0,0
22a.sql,false,103,87,14,2,0,45,42,0,0,0,0,0,233,0,0,0,0,2851,0.0,0.0,0.0,0,0,0,0
21c.sql,true,83,79,4,0,0,29,50,0,0,0,0,0,34,0,0,0,0,1874,0.0,0.0,0.0,0,0,0,0
21c.sql,false,82,76,5,0,0,28,48,0,0,0,0,0,54,0,0,0,0,1874,0.0,0.0,0.0,0,0,0,0
21b.sql,true,69,67,2,0,0,23,44,0,0,0,0,0,26,0,0,0,0,38,0.0,0.0,0.0,0,0,0,0
21b.sql,false,70,67,2,1,0,24,43,0,0,0,0,0,30,0,0,0,0,38,0.0,0.0,0.0,0,0,0,0
21a.sql,true,74,70,4,0,0,24,46,0,0,0,0,0,44,0,0,0,0,1410,0.0,0.0,0.0,0,0,0,0
21a.sql,false,71,67,4,0,0,24,43,0,0,0,0,0,35,0,0,0,0,1410,0.0,0.0,0.0,0,0,0,0
20c.sql,true,97,61,35,1,0,54,7,0,0,0,0,0,674,0,0,0,0,5406,0.0,0.0,0.0,0,0,0,0
20c.sql,false,95,60,34,1,0,53,7,0,0,0,0,0,666,0,0,0,0,5406,0.0,0.0,0.0,0,0,0,0
20b.sql,true,154,150,1,3,0,144,6,0,0,0,0,0,1,0,0,0,0,17,0.0,0.0,0.0,0,0,0,0
20b.sql,false,158,154,1,3,0,147,7,0,0,0,0,0,14,0,0,0,0,17,0.0,0.0,0.0,0,0,0,0
20a.sql,true,117,112,2,3,0,102,10,0,0,0,0,0,16,0,0,0,0,33,0.0,0.0,0.0,0,0,0,0
20a.sql,false,116,111,2,3,0,102,9,0,0,0,0,0,19,0,0,0,0,33,0.0,0.0,0.0,0,0,0,0
19d.sql,true,802,54,561,174,13,21,33,0,13,0,0,0,4517,0,0,0,0,1760645,0.0,0.0,0.0,0,0,0,0
19d.sql,false,614,53,361,187,13,20,33,0,13,0,0,0,11733,0,0,0,0,1760645,0.0,0.0,0.0,0,0,0,0
19c.sql,true,576,558,17,0,0,517,41,0,0,0,0,0,341,0,0,0,0,3575,0.0,0.0,0.0,0,0,0,0
19c.sql,false,579,559,18,1,1,518,41,0,1,0,0,0,340,0,0,0,0,3575,0.0,0.0,0.0,0,0,0,0
19b.sql,true,579,573,0,6,0,537,36,0,0,0,0,0,1,0,0,0,0,15,0.0,0.0,0.0,0,0,0,0
19b.sql,false,584,578,0,5,1,541,37,0,1,0,0,0,1,0,0,0,0,15,0.0,0.0,0.0,0,0,0,0
19a.sql,true,593,587,5,1,0,529,58,0,0,0,0,0,61,0,0,0,0,184,0.0,0.0,0.0,0,0,0,0
19a.sql,false,596,590,5,0,0,533,57,0,0,0,0,0,61,0,0,0,0,184,0.0,0.0,0.0,0,0,0,0
18c.sql,true,81,47,30,4,0,13,34,0,0,0,0,0,353,0,0,0,0,28073,0.0,0.0,0.0,0,0,0,0
18c.sql,false,79,46,28,5,0,13,33,0,0,0,0,0,326,0,0,0,0,28073,0.0,0.0,0.0,0,0,0,0
18b.sql,true,61,58,3,0,0,23,35,0,0,0,0,0,36,0,0,0,0,11,0.0,0.0,0.0,0,0,0,0
18b.sql,false,60,56,3,0,0,22,34,0,0,0,0,0,37,0,0,0,0,11,0.0,0.0,0.0,0,0,0,0
18a.sql,true,96,80,15,1,0,29,51,0,0,0,0,0,216,0,0,0,0,410,0.0,0.0,0.0,0,0,0,0
18a.sql,false,99,81,17,1,0,29,52,0,0,0,0,0,235,0,0,0,0,410,0.0,0.0,0.0,0,0,0,0
17f.sql,true,308,28,165,111,4,28,0,0,4,0,0,0,1907,0,0,0,0,1113120,0.0,0.0,0.0,0,0,0,0
17f.sql,false,303,27,158,114,4,26,1,0,4,0,0,0,1745,0,0,0,0,1113120,0.0,0.0,0.0,0,0,0,0
17e.sql,true,518,3,225,280,10,1,2,0,10,0,0,0,2780,0,0,0,0,2832555,0.0,0.0,0.0,0,0,0,0
17e.sql,false,812,3,284,515,10,1,2,0,10,0,0,0,3033,0,0,0,0,2832555,0.0,0.0,0.0,0,0,0,0
17d.sql,true,44,27,16,1,0,27,0,0,0,0,0,0,328,0,0,0,0,11538,0.0,0.0,0.0,0,0,0,0
17d.sql,false,43,26,15,2,0,26,0,0,0,0,0,0,370,0,0,0,0,11538,0.0,0.0,0.0,0,0,0,0
17c.sql,true,32,24,7,1,0,24,0,0,0,0,0,0,130,0,0,0,0,1918,0.0,0.0,0.0,0,0,0,0
17c.sql,false,29,24,5,0,0,24,0,0,0,0,0,0,83,0,0,0,0,1918,0.0,0.0,0.0,0,0,0,0
17b.sql,true,98,25,66,7,0,24,1,0,0,0,0,0,1305,0,0,0,0,52306,0.0,0.0,0.0,0,0,0,0
17b.sql,false,101,26,65,10,0,25,1,0,0,0,0,0,1299,0,0,0,0,52306,0.0,0.0,0.0,0,0,0,0
17a.sql,true,198,29,142,25,2,26,3,0,2,0,0,0,1515,0,0,0,0,258289,0.0,0.0,0.0,0,0,0,0
17a.sql,false,204,28,145,29,2,26,2,0,2,0,0,0,2331,0,0,0,0,258289,0.0,0.0,0.0,0,0,0,0
16d.sql,true,73,11,27,33,2,8,3,0,2,0,0,0,412,0,0,0,0,249455,0.0,0.0,0.0,0,0,0,0
16d.sql,false,66,11,29,24,2,8,3,0,2,0,0,0,408,0,0,0,0,249455,0.0,0.0,0.0,0,0,0,0
16c.sql,true,88,11,32,43,2,8,3,0,2,0,0,0,500,0,0,0,0,319932,0.0,0.0,0.0,0,0,0,0
16c.sql,false,96,11,35,48,2,8,3,0,2,0,0,0,525,0,0,0,0,319932,0.0,0.0,0.0,0,0,0,0
16b.sql,true,997,3,605,362,26,2,1,0,26,0,0,0,5036,0,0,0,0,3710592,0.0,0.0,0.0,0,0,0,0
16b.sql,false,1091,3,458,604,26,2,1,0,26,0,0,0,6306,0,0,0,0,3710592,0.0,0.0,0.0,0,0,0,0
16a.sql,true,13,8,5,0,0,5,3,0,0,0,0,0,56,0,0,0,0,385,0.0,0.0,0.0,0,0,0,0
16a.sql,false,13,7,4,1,0,5,2,0,0,0,0,0,58,0,0,0,0,385,0.0,0.0,0.0,0,0,0,0
15d.sql,true,60,51,6,2,0,47,4,0,0,0,0,0,108,0,0,0,0,11347,0.0,0.0,0.0,0,0,0,0
15d.sql,false,57,50,6,1,0,45,5,0,0,0,0,0,94,0,0,0,0,11347,0.0,0.0,0.0,0,0,0,0
15c.sql,true,66,63,2,1,0,60,3,0,0,0,0,0,32,0,0,0,0,2271,0.0,0.0,0.0,0,0,0,0
15c.sql,false,66,63,2,0,1,60,3,0,1,0,0,0,30,0,0,0,0,2271,0.0,0.0,0.0,0,0,0,0
15b.sql,true,85,79,0,5,0,75,4,0,0,0,0,0,1,0,0,0,0,37,0.0,0.0,0.0,0,0,0,0
15b.sql,false,87,79,0,7,0,74,5,0,0,0,0,0,1,0,0,0,0,37,0.0,0.0,0.0,0,0,0,0
15a.sql,true,83,81,1,1,0,73,8,0,0,0,0,0,19,0,0,0,0,328,0.0,0.0,0.0,0,0,0,0
15a.sql,false,83,81,1,1,0,74,7,0,0,0,0,0,16,0,0,0,0,328,0.0,0.0,0.0,0,0,0,0
14c.sql,true,64,54,9,0,1,22,32,0,1,0,0,0,102,0,0,0,0,4115,0.0,0.0,0.0,0,0,0,0
14c.sql,false,63,53,8,2,0,21,32,0,0,0,0,0,117,0,0,0,0,4115,0.0,0.0,0.0,0,0,0,0
14b.sql,true,41,36,0,5,0,18,18,0,0,0,0,0,1,0,0,0,0,1,0.0,0.0,0.0,0,0,0,0
14b.sql,false,43,38,0,5,0,19,19,0,0,0,0,0,1,0,0,0,0,1,0.0,0.0,0.0,0,0,0,0
14a.sql,true,62,46,15,1,0,16,30,0,0,0,0,0,231,0,0,0,0,761,0.0,0.0,0.0,0,0,0,0
14a.sql,false,56,47,8,0,1,16,31,0,1,0,0,0,117,0,0,0,0,761,0.0,0.0,0.0,0,0,0,0
13d.sql,true,403,4,323,69,7,2,2,0,7,0,0,0,5416,0,0,0,0,670390,0.0,0.0,0.0,0,0,0,0
13d.sql,false,446,5,294,140,7,3,2,0,7,0,0,0,5387,0,0,0,0,670390,0.0,0.0,0.0,0,0,0,0
13c.sql,true,36,30,1,5,0,28,2,0,0,0,0,0,1,0,0,0,0,53,0.0,0.0,0.0,0,0,0,0
13c.sql,false,35,28,1,6,0,26,2,0,0,0,0,0,10,0,0,0,0,53,0.0,0.0,0.0,0,0,0,0
13b.sql,true,36,33,2,1,0,32,1,0,0,0,0,0,19,0,0,0,0,372,0.0,0.0,0.0,0,0,0,0
13b.sql,false,35,33,2,0,0,31,2,0,0,0,0,0,18,0,0,0,0,372,0.0,0.0,0.0,0,0,0,0
13a.sql,true,67,3,41,21,2,2,1,0,2,0,0,0,736,0,0,0,0,111101,0.0,0.0,0.0,0,0,0,0
13a.sql,false,52,3,39,9,1,3,0,0,1,0,0,0,699,0,0,0,0,111101,0.0,0.0,0.0,0,0,0,0
12c.sql,true,54,26,26,2,0,13,13,0,0,0,0,0,398,0,0,0,0,4711,0.0,0.0,0.0,0,0,0,0
12c.sql,false,55,29,26,0,0,16,13,0,0,0,0,0,330,0,0,0,0,4711,0.0,0.0,0.0,0,0,0,0
12b.sql,true,28,22,1,5,0,20,2,0,0,0,0,0,1,0,0,0,0,10,0.0,0.0,0.0,0,0,0,0
12b.sql,false,27,22,0,5,0,20,2,0,0,0,0,0,1,0,0,0,0,10,0.0,0.0,0.0,0,0,0,0
12a.sql,true,34,21,7,6,0,11,10,0,0,0,0,0,68,0,0,0,0,397,0.0,0.0,0.0,0,0,0,0
12a.sql,false,35,22,7,5,0,13,9,0,0,0,0,0,68,0,0,0,0,397,0.0,0.0,0.0,0,0,0,0
11d.sql,true,75,59,12,3,1,20,39,0,1,0,0,0,206,0,0,0,0,14899,0.0,0.0,0.0,0,0,0,0
11d.sql,false,79,60,14,5,0,21,39,0,0,0,0,0,265,0,0,0,0,14899,0.0,0.0,0.0,0,0,0,0
11c.sql,true,75,62,11,2,0,23,39,0,0,0,0,0,177,0,0,0,0,6946,0.0,0.0,0.0,0,0,0,0
11c.sql,false,77,62,13,2,0,23,39,0,0,0,0,0,173,0,0,0,0,6946,0.0,0.0,0.0,0,0,0,0
11b.sql,true,66,60,0,6,0,17,43,0,0,0,0,0,1,0,0,0,0,14,0.0,0.0,0.0,0,0,0,0
11b.sql,false,60,54,1,5,0,17,37,0,0,0,0,0,1,0,0,0,0,14,0.0,0.0,0.0,0,0,0,0
11a.sql,true,61,58,3,0,0,21,37,0,0,0,0,0,35,0,0,0,0,310,0.0,0.0,0.0,0,0,0,0
11a.sql,false,68,64,3,1,0,21,43,0,0,0,0,0,37,0,0,0,0,310,0.0,0.0,0.0,0,0,0,0
10c.sql,true,258,142,113,3,0,101,41,0,0,0,0,0,3964,0,0,0,0,10,0.0,0.0,0.0,0,0,0,0
10c.sql,false,276,139,133,4,0,98,41,0,0,0,0,0,5127,0,0,0,0,10,0.0,0.0,0.0,0,0,0,0
10b.sql,true,135,134,0,1,0,93,41,0,0,0,0,0,1,0,0,0,0,0,0.0,0.0,0.0,0,0,0,0
10b.sql,false,129,128,1,0,0,91,37,0,0,0,0,0,1,0,0,0,0,0,0.0,0.0,0.0,0,0,0,0
10a.sql,true,106,103,3,0,0,98,5,0,0,0,0,0,35,0,0,0,0,104,0.0,0.0,0.0,0,0,0,0
10a.sql,false,100,97,3,0,0,93,4,0,0,0,0,0,30,0,0,0,0,104,0.0,0.0,0.0,0,0,0,0
09d.sql,true,227,45,124,51,7,12,33,0,7,0,0,0,1803,0,0,0,0,483082,0.0,0.0,0.0,0,0,0,0
09d.sql,false,286,45,160,74,7,12,33,0,7,0,0,0,3941,0,0,0,0,483082,0.0,0.0,0.0,0,0,0,0
09c.sql,true,73,53,18,2,0,20,33,0,0,0,0,0,366,0,0,0,0,8144,0.0,0.0,0.0,0,0,0,0
09c.sql,false,73,54,18,1,0,20,34,0,0,0,0,0,336,0,0,0,0,8144,0.0,0.0,0.0,0,0,0,0
09b.sql,true,98,86,4,8,0,49,37,0,0,0,0,0,54,0,0,0,0,40,0.0,0.0,0.0,0,0,0,0
09b.sql,false,98,86,4,8,0,49,37,0,0,0,0,0,54,0,0,0,0,40,0.0,0.0,0.0,0,0,0,0
09a.sql,true,111,101,4,6,0,49,52,0,0,0,0,0,66,0,0,0,0,121,0.0,0.0,0.0,0,0,0,0
09a.sql,false,112,101,4,7,0,49,52,0,0,0,0,0,65,0,0,0,0,121,0.0,0.0,0.0,0,0,0,0
08d.sql,true,217,3,178,34,2,1,2,0,2,0,0,0,1554,0,0,0,0,323005,0.0,0.0,0.0,0,0,0,0
08d.sql,false,169,3,112,51,2,2,1,0,2,0,0,0,1527,0,0,0,0,323005,0.0,0.0,0.0,0,0,0,0
08c.sql,true,1001,4,610,369,18,2,2,0,18,0,0,0,9848,0,0,0,0,2487611,0.0,0.0,0.0,0,0,0,0
08c.sql,false,1151,4,914,215,17,2,2,0,17,0,0,0,9467,0,0,0,0,2487611,0.0,0.0,0.0,0,0,0,0
08b.sql,true,65,59,0,6,0,53,6,0,0,0,0,0,1,0,0,0,0,6,0.0,0.0,0.0,0,0,0,0
08b.sql,false,63,57,0,6,0,51,6,0,0,0,0,0,1,0,0,0,0,6,0.0,0.0,0.0,0,0,0,0
08a.sql,true,53,50,3,0,0,42,8,0,0,0,0,0,54,0,0,0,0,62,0.0,0.0,0.0,0,0,0,0
08a.sql,false,54,50,3,0,1,42,8,0,1,0,0,0,54,0,0,0,0,62,0.0,0.0,0.0,0,0,0,0
07c.sql,true,252,71,168,13,0,55,16,0,0,0,0,0,4035,0,0,0,0,68185,0.0,0.0,0.0,0,0,0,0
07c.sql,false,231,73,150,8,0,58,15,0,0,0,0,0,2654,0,0,0,0,68185,0.0,0.0,0.0,0,0,0,0
07b.sql,true,44,39,1,4,0,25,14,0,0,0,0,0,1,0,0,0,0,16,0.0,0.0,0.0,0,0,0,0
07b.sql,false,44,38,0,6,0,25,13,0,0,0,0,0,1,0,0,0,0,16,0.0,0.0,0.0,0,0,0,0
07a.sql,true,56,54,1,1,0,43,11,0,0,0,0,0,13,0,0,0,0,32,0.0,0.0,0.0,0,0,0,0
07a.sql,false,61,54,2,5,0,42,12,0,0,0,0,0,13,0,0,0,0,32,0.0,0.0,0.0,0,0,0,0
06f.sql,true,208,11,118,70,9,10,1,0,9,0,0,0,1047,0,0,0,0,785477,0.0,0.0,0.0,0,0,0,0
06f.sql,false,319,11,122,176,9,10,1,0,9,0,0,0,1020,0,0,0,0,785477,0.0,0.0,0.0,0,0,0,0
06e.sql,true,61,55,1,5,0,53,2,0,0,0,0,0,1,0,0,0,0,6,0.0,0.0,0.0,0,0,0,0
06e.sql,false,60,53,1,5,0,51,2,0,0,0,0,0,18,0,0,0,0,6,0.0,0.0,0.0,0,0,0,0
06d.sql,true,55,54,1,0,0,52,2,0,0,0,0,0,22,0,0,0,0,88,0.0,0.0,0.0,0,0,0,0
06d.sql,false,56,53,1,1,0,52,1,0,0,0,0,0,21,0,0,0,0,88,0.0,0.0,0.0,0,0,0,0
06c.sql,true,49,44,0,5,0,44,0,0,0,0,0,0,1,0,0,0,0,2,0.0,0.0,0.0,0,0,0,0
06c.sql,false,50,44,1,5,0,44,0,0,0,0,0,0,1,0,0,0,0,2,0.0,0.0,0.0,0,0,0,0
06b.sql,true,50,44,0,6,0,44,0,0,0,0,0,0,1,0,0,0,0,12,0.0,0.0,0.0,0,0,0,0
06b.sql,false,51,45,0,5,1,45,0,0,1,0,0,0,1,0,0,0,0,12,0.0,0.0,0.0,0,0,0,0
06a.sql,true,53,47,0,6,0,46,1,0,0,0,0,0,1,0,0,0,0,6,0.0,0.0,0.0,0,0,0,0
06a.sql,false,53,47,1,5,0,46,1,0,0,0,0,0,1,0,0,0,0,6,0.0,0.0,0.0,0,0,0,0
05c.sql,true,59,54,1,4,0,34,20,0,0,0,0,0,16,0,0,0,0,669,0.0,0.0,0.0,0,0,0,0
05c.sql,false,59,55,1,3,0,36,19,0,0,0,0,0,19,0,0,0,0,669,0.0,0.0,0.0,0,0,0,0
05b.sql,true,35,34,0,0,1,23,11,0,1,0,0,0,1,0,0,0,0,0,0.0,0.0,0.0,0,0,0,0
05b.sql,false,34,34,0,0,0,23,11,0,0,0,0,0,1,0,0,0,0,0,0.0,0.0,0.0,0,0,0,0
05a.sql,true,31,31,0,0,0,25,6,0,0,0,0,0,1,0,0,0,0,0,0.0,0.0,0.0,0,0,0,0
05a.sql,false,32,31,0,1,0,25,6,0,0,0,0,0,1,0,0,0,0,0,0.0,0.0,0.0,0,0,0,0
04c.sql,true,35,30,3,1,1,16,14,0,1,0,0,0,48,0,0,0,0,4700,0.0,0.0,0.0,0,0,0,0
04c.sql,false,33,29,3,1,0,16,13,0,0,0,0,0,47,0,0,0,0,4700,0.0,0.0,0.0,0,0,0,0
04b.sql,true,14,8,0,6,0,6,2,0,0,0,0,0,1,0,0,0,0,6,0.0,0.0,0.0,0,0,0,0
04b.sql,false,15,9,1,5,0,7,2,0,0,0,0,0,1,0,0,0,0,6,0.0,0.0,0.0,0,0,0,0
04a.sql,true,25,23,2,0,0,14,9,0,0,0,0,0,33,0,0,0,0,740,0.0,0.0,0.0,0,0,0,0
04a.sql,false,24,22,2,0,0,12,10,0,0,0,0,0,30,0,0,0,0,740,0.0,0.0,0.0,0,0,0,0
03c.sql,true,32,28,3,1,0,16,12,0,0,0,0,0,38,0,0,0,0,7250,0.0,0.0,0.0,0,0,0,0
03c.sql,false,33,28,5,0,0,17,11,0,0,0,0,0,26,0,0,0,0,7250,0.0,0.0,0.0,0,0,0,0
03b.sql,true,11,7,1,3,0,6,1,0,0,0,0,0,0,0,0,0,0,5,0.0,0.0,0.0,0,0,0,0
03b.sql,false,10,6,0,4,0,5,1,0,0,0,0,0,0,0,0,0,0,5,0.0,0.0,0.0,0,0,0,0
03a.sql,true,18,15,3,0,0,11,4,0,0,0,0,0,29,0,0,0,0,206,0.0,0.0,0.0,0,0,0,0
03a.sql,false,17,15,2,0,0,10,5,0,0,0,0,0,30,0,0,0,0,206,0.0,0.0,0.0,0,0,0,0
02d.sql,true,25,3,15,7,0,1,2,0,0,0,0,0,176,0,0,0,0,68316,0.0,0.0,0.0,0,0,0,0
02d.sql,false,29,3,14,11,1,1,2,0,1,0,0,0,180,0,0,0,0,68316,0.0,0.0,0.0,0,0,0,0
02c.sql,true,1,1,0,0,0,1,0,0,0,0,0,0,1,0,0,0,0,0,0.0,0.0,0.0,0,0,0,0
02c.sql,false,1,1,0,0,0,1,0,0,0,0,0,0,1,0,0,0,0,0,0.0,0.0,0.0,0,0,0,0
02b.sql,true,12,1,10,1,0,1,0,0,0,0,0,0,139,0,0,0,0,5228,0.0,0.0,0.0,0,0,0,0
02b.sql,false,11,1,9,1,0,1,0,0,0,0,0,0,139,0,0,0,0,5228,0.0,0.0,0.0,0,0,0,0
02a.sql,true,12,1,10,1,0,1,0,0,0,0,0,0,148,0,0,0,0,7834,0.0,0.0,0.0,0,0,0,0
02a.sql,false,12,1,10,1,0,1,0,0,0,0,0,0,147,0,0,0,0,7834,0.0,0.0,0.0,0,0,0,0
01d.sql,true,51,44,0,7,0,20,24,0,0,0,0,0,1,0,0,0,0,4,0.0,0.0,0.0,0,0,0,0
01d.sql,false,48,40,0,8,0,21,19,0,0,0,0,0,1,0,0,0,0,4,0.0,0.0,0.0,0,0,0,0
01c.sql,true,28,21,0,7,0,19,2,0,0,0,0,0,1,0,0,0,0,3,0.0,0.0,0.0,0,0,0,0
01c.sql,false,28,20,0,8,0,18,2,0,0,0,0,0,1,0,0,0,0,3,0.0,0.0,0.0,0,0,0,0
01b.sql,true,48,41,0,7,0,20,21,0,0,0,0,0,1,0,0,0,0,3,0.0,0.0,0.0,0,0,0,0
01b.sql,false,51,43,0,8,0,20,23,0,0,0,0,0,1,0,0,0,0,3,0.0,0.0,0.0,0,0,0,0
01a.sql,true,32,24,1,7,0,23,1,0,0,0,0,0,1,0,0,0,0,142,0.0,0.0,0.0,0,0,0,0
01a.sql,false,32,23,0,9,0,22,1,0,0,0,0,0,1,0,0,0,0,142,0.0,0.0,0.0,0,0,0,0
