Query,IsWarmup,Millis,PreMillis,JoinMillis,MatMillis,PostMillis,FilterMillis,IndexMillis,GroupByMillis,AggregateMillis,HavingMillis,OrderMillis,Tuples,Samples,Lookups,NrIndexEntries,nrUniqueLookups,NrPlans,JoinCard,AvgReward,MaxReward,TotalWork,DataSize,UctSize,StateSize,JoinSize
33c.sql,true,7819,519,284,38,1,49,470,0,1,0,0,0,39,0,0,0,0,114,0.0,0.0,0.0,0,0,0,0
33c.sql,false,468,265,194,8,1,30,235,0,1,0,0,0,30,0,0,0,0,114,0.0,0.0,0.0,0,0,0,0
33b.sql,true,218,132,71,15,0,49,83,0,0,0,0,0,17,0,0,0,0,4,0.0,0.0,0.0,0,0,0,0
33b.sql,false,93,34,44,14,0,20,14,0,0,0,0,0,10,0,0,0,0,4,0.0,0.0,0.0,0,0,0,0
33a.sql,true,71,42,14,15,0,22,20,0,0,0,0,0,12,0,0,0,0,8,0.0,0.0,0.0,0,0,0,0
33a.sql,false,70,41,14,14,0,22,19,0,0,0,0,0,13,0,0,0,0,8,0.0,0.0,0.0,0,0,0,0
32b.sql,true,210,2,200,7,1,2,0,0,1,0,0,0,48,0,0,0,0,4388,0.0,0.0,0.0,0,0,0,0
32b.sql,false,54,2,46,5,1,1,1,0,1,0,0,0,47,0,0,0,0,4388,0.0,0.0,0.0,0,0,0,0
32a.sql,true,4,1,2,1,0,1,0,0,0,0,0,0,0,0,0,0,0,0,0.0,0.0,0.0,0,0,0,0
32a.sql,false,4,2,2,0,0,2,0,0,0,0,0,0,0,0,0,0,0,0,0.0,0.0,0.0,0,0,0,0
31c.sql,true,416,361,40,14,1,326,35,0,1,0,0,0,51,0,0,0,0,2825,0.0,0.0,0.0,0,0,0,0
31c.sql,false,242,224,14,3,1,188,36,0,1,0,0,0,60,0,0,0,0,2825,0.0,0.0,0.0,0,0,0,0
31b.sql,true,642,628,5,8,0,70,558,0,0,0,0,0,1,0,0,0,0,84,0.0,0.0,0.0,0,0,0,0
31b.sql,false,74,69,3,2,0,41,28,0,0,0,0,0,14,0,0,0,0,84,0.0,0.0,0.0,0,0,0,0
31a.sql,true,57,45,9,2,1,20,25,0,1,0,0,0,54,0,0,0,0,1273,0.0,0.0,0.0,0,0,0,0
31a.sql,false,56,46,9,1,0,20,26,0,0,0,0,0,43,0,0,0,0,1273,0.0,0.0,0.0,0,0,0,0
30c.sql,true,67,45,15,6,1,19,26,0,1,0,0,0,122,0,0,0,0,8024,0.0,0.0,0.0,0,0,0,0
30c.sql,false,82,46,27,8,1,19,27,0,1,0,0,0,191,0,0,0,0,8024,0.0,0.0,0.0,0,0,0,0
30b.sql,true,61,57,3,1,0,32,25,0,0,0,0,0,12,0,0,0,0,28,0.0,0.0,0.0,0,0,0,0
30b.sql,false,63,59,4,0,0,33,26,0,0,0,0,0,16,0,0,0,0,28,0.0,0.0,0.0,0,0,0,0
30a.sql,true,69,56,10,2,1,29,27,0,1,0,0,0,130,0,0,0,0,757,0.0,0.0,0.0,0,0,0,0
30a.sql,false,74,58,14,2,0,30,28,0,0,0,0,0,149,0,0,0,0,757,0.0,0.0,0.0,0,0,0,0
29c.sql,true,613,574,21,17,0,396,178,0,0,0,0,0,390,0,0,0,0,16308,0.0,0.0,0.0,0,0,0,0
29c.sql,false,363,328,19,16,0,295,33,0,0,0,0,0,475,0,0,0,0,16308,0.0,0.0,0.0,0,0,0,0
29b.sql,true,223,206,10,7,0,175,31,0,0,0,0,0,129,0,0,0,0,15,0.0,0.0,0.0,0,0,0,0
29b.sql,false,201,195,4,2,0,163,32,0,0,0,0,0,16,0,0,0,0,15,0.0,0.0,0.0,0,0,0,0
29a.sql,true,314,305,7,1,0,273,32,0,0,0,0,0,60,0,0,0,0,1620,0.0,0.0,0.0,0,0,0,0
29a.sql,false,354,345,6,3,0,305,40,0,0,0,0,0,18,0,0,0,0,1620,0.0,0.0,0.0,0,0,0,0
28c.sql,true,124,104,12,7,0,55,49,0,0,0,0,0,172,0,0,0,0,8373,0.0,0.0,0.0,0,0,0,0
28c.sql,false,126,104,15,7,0,56,48,0,0,0,0,0,200,0,0,0,0,8373,0.0,0.0,0.0,0,0,0,0
28b.sql,true,84,71,11,1,1,42,29,0,1,0,0,0,82,0,0,0,0,148,0.0,0.0,0.0,0,0,0,0
28b.sql,false,81,68,12,1,0,35,33,0,0,0,0,0,62,0,0,0,0,148,0.0,0.0,0.0,0,0,0,0
28a.sql,true,130,103,22,5,0,59,44,0,0,0,0,0,396,0,0,0,0,4803,0.0,0.0,0.0,0,0,0,0
28a.sql,false,115,81,28,5,0,43,38,0,0,0,0,0,502,0,0,0,0,4803,0.0,0.0,0.0,0,0,0,0
27c.sql,true,97,91,4,2,0,44,47,0,0,0,0,0,34,0,0,0,0,743,0.0,0.0,0.0,0,0,0,0
27c.sql,false,76,72,3,1,0,32,40,0,0,0,0,0,16,0,0,0,0,743,0.0,0.0,0.0,0,0,0,0
27b.sql,true,55,51,3,1,0,20,31,0,0,0,0,0,23,0,0,0,0,247,0.0,0.0,0.0,0,0,0,0
27b.sql,false,56,52,3,1,0,20,32,0,0,0,0,0,22,0,0,0,0,247,0.0,0.0,0.0,0,0,0,0
27a.sql,true,60,55,4,0,0,23,32,0,0,0,0,0,27,0,0,0,0,477,0.0,0.0,0.0,0,0,0,0
27a.sql,false,64,59,5,0,0,24,35,0,0,0,0,0,28,0,0,0,0,477,0.0,0.0,0.0,0,0,0,0
26c.sql,true,273,45,224,4,0,38,7,0,0,0,0,0,224,0,0,0,0,5400,0.0,0.0,0.0,0,0,0,0
26c.sql,false,98,43,51,4,0,38,5,0,0,0,0,0,875,0,0,0,0,5400,0.0,0.0,0.0,0,0,0,0
26b.sql,true,68,45,15,8,0,38,7,0,0,0,0,0,198,0,0,0,0,93,0.0,0.0,0.0,0,0,0,0
26b.sql,false,69,46,22,1,0,38,8,0,0,0,0,0,257,0,0,0,0,93,0.0,0.0,0.0,0,0,0,0
26a.sql,true,86,50,35,1,0,41,9,0,0,0,0,0,643,0,0,0,0,1728,0.0,0.0,0.0,0,0,0,0
26a.sql,false,83,50,31,2,0,41,9,0,0,0,0,0,555,0,0,0,0,1728,0.0,0.0,0.0,0,0,0,0
25c.sql,true,76,47,17,12,0,21,26,0,0,0,0,0,190,0,0,0,0,26153,0.0,0.0,0.0,0,0,0,0
25c.sql,false,68,47,17,3,1,19,28,0,1,0,0,0,173,0,0,0,0,26153,0.0,0.0,0.0,0,0,0,0
25b.sql,true,56,47,1,8,0,23,24,0,0,0,0,0,1,0,0,0,0,6,0.0,0.0,0.0,0,0,0,0
25b.sql,false,57,48,1,8,0,24,24,0,0,0,0,0,1,0,0,0,0,6,0.0,0.0,0.0,0,0,0,0
25a.sql,true,54,43,9,2,0,18,25,0,0,0,0,0,71,0,0,0,0,4407,0.0,0.0,0.0,0,0,0,0
25a.sql,false,53,42,9,2,0,17,25,0,0,0,0,0,78,0,0,0,0,4407,0.0,0.0,0.0,0,0,0,0
24b.sql,true,330,321,3,6,0,292,29,0,0,0,0,0,1,0,0,0,0,45,0.0,0.0,0.0,0,0,0,0
24b.sql,false,325,317,1,7,0,289,28,0,0,0,0,0,1,0,0,0,0,45,0.0,0.0,0.0,0,0,0,0
24a.sql,true,332,316,14,2,0,284,32,0,0,0,0,0,201,0,0,0,0,275,0.0,0.0,0.0,0,0,0,0
24a.sql,false,317,304,12,0,1,272,32,0,0,0,0,0,185,0,0,0,0,275,0.0,0.0,0.0,0,0,0,0
23c.sql,true,62,50,5,7,0,41,9,0,0,0,0,0,15,0,0,0,0,628,0.0,0.0,0.0,0,0,0,0
23c.sql,false,60,49,4,7,0,40,9,0,0,0,0,0,8,0,0,0,0,628,0.0,0.0,0.0,0,0,0,0
23b.sql,true,54,44,4,6,0,37,7,0,0,0,0,0,9,0,0,0,0,16,0.0,0.0,0.0,0,0,0,0
23b.sql,false,55,44,4,7,0,37,7,0,0,0,0,0,9,0,0,0,0,16,0.0,0.0,0.0,0,0,0,0
23a.sql,true,59,46,6,7,0,38,8,0,0,0,0,0,10,0,0,0,0,618,0.0,0.0,0.0,0,0,0,0
23a.sql,false,59,47,6,6,0,40,7,0,0,0,0,0,10,0,0,0,0,618,0.0,0.0,0.0,0,0,0,0
22d.sql,true,69,51,13,4,1,26,25,0,1,0,0,0,189,0,0,0,0,46281,0.0,0.0,0.0,0,0,0,0
22d.sql,false,67,49,13,4,1,25,24,0,1,0,0,0,185,0,0,0,0,46281,0.0,0.0,0.0,0,0,0,0
22c.sql,true,88,75,10,3,0,41,34,0,0,0,0,0,129,0,0,0,0,21489,0.0,0.0,0.0,0,0,0,0
22c.sql,false,91,71,16,2,1,37,34,0,1,0,0,0,189,0,0,0,0,21489,0.0,0.0,0.0,0,0,0,0
22b.sql,true,92,72,20,0,0,37,35,0,0,0,0,0,204,0,0,0,0,31,0.0,0.0,0.0,0,0,0,0
22b.sql,false,89,68,20,1,0,37,31,0,0,0,0,0,214,0,0,0,0,31,0.0,0.0,0.0,0,0,0,0
22a.sql,true,84,69,13,2,0,37,32,0,0,0,0,0,189,0,0,0,0,2851,0.0,0.0,0.0,0,0,0,0
22a.sql,false,78,69,9,0,0,37,32,0,0,0,0,0,112,0,0,0,0,2851,0.0,0.0,0.0,0,0,0,0
21c.sql,true,74,70,4,0,0,30,40,0,0,0,0,0,31,0,0,0,0,1874,0.0,0.0,0.0,0,0,0,0
21c.sql,false,72,67,4,0,0,28,39,0,0,0,0,0,28,0,0,0,0,1874,0.0,0.0,0.0,0,0,0,0
21b.sql,true,58,55,3,0,0,23,32,0,0,0,0,0,32,0,0,0,0,38,0.0,0.0,0.0,0,0,0,0
21b.sql,false,61,57,3,0,0,25,32,0,0,0,0,0,28,0,0,0,0,38,0.0,0.0,0.0,0,0,0,0
21a.sql,true,58,54,4,0,0,24,30,0,0,0,0,0,26,0,0,0,0,1410,0.0,0.0,0.0,0,0,0,0
21a.sql,false,60,56,3,1,0,24,32,0,0,0,0,0,21,0,0,0,0,1410,0.0,0.0,0.0,0,0,0,0
20c.sql,true,69,43,25,1,0,37,6,0,0,0,0,0,408,0,0,0,0,5406,0.0,0.0,0.0,0,0,0,0
20c.sql,false,67,42,23,2,0,36,6,0,0,0,0,0,394,0,0,0,0,5406,0.0,0.0,0.0,0,0,0,0
20b.sql,true,93,88,1,4,0,84,4,0,0,0,0,0,1,0,0,0,0,17,0.0,0.0,0.0,0,0,0,0
20b.sql,false,93,88,2,3,0,83,5,0,0,0,0,0,1,0,0,0,0,17,0.0,0.0,0.0,0,0,0,0
20a.sql,true,75,69,3,3,0,62,7,0,0,0,0,0,25,0,0,0,0,33,0.0,0.0,0.0,0,0,0,0
20a.sql,false,86,79,3,3,0,67,12,0,0,0,0,0,22,0,0,0,0,33,0.0,0.0,0.0,0,0,0,0
19d.sql,true,1226,53,942,219,12,27,26,0,12,0,0,0,3306,0,0,0,0,1760645,0.0,0.0,0.0,0,0,0,0
19d.sql,false,644,48,218,366,12,22,26,0,12,0,0,0,3916,0,0,0,0,1760645,0.0,0.0,0.0,0,0,0,0
19c.sql,true,350,322,27,1,0,289,33,0,0,0,0,0,376,0,0,0,0,3575,0.0,0.0,0.0,0,0,0,0
19c.sql,false,349,323,24,2,0,291,32,0,0,0,0,0,322,0,0,0,0,3575,0.0,0.0,0.0,0,0,0,0
19b.sql,true,337,330,0,7,0,299,31,0,0,0,0,0,1,0,0,0,0,15,0.0,0.0,0.0,0,0,0,0
19b.sql,false,336,329,0,6,1,298,31,0,1,0,0,0,1,0,0,0,0,15,0.0,0.0,0.0,0,0,0,0
19a.sql,true,353,341,6,5,1,297,44,0,1,0,0,0,63,0,0,0,0,184,0.0,0.0,0.0,0,0,0,0
19a.sql,false,362,350,5,7,0,307,43,0,0,0,0,0,63,0,0,0,0,184,0.0,0.0,0.0,0,0,0,0
18c.sql,true,65,41,19,5,0,17,24,0,0,0,0,0,199,0,0,0,0,28073,0.0,0.0,0.0,0,0,0,0
18c.sql,false,65,41,20,3,1,16,25,0,1,0,0,0,196,0,0,0,0,28073,0.0,0.0,0.0,0,0,0,0
18b.sql,true,58,54,3,0,0,27,27,0,0,0,0,0,29,0,0,0,0,11,0.0,0.0,0.0,0,0,0,0
18b.sql,false,56,52,3,1,0,26,26,0,0,0,0,0,29,0,0,0,0,11,0.0,0.0,0.0,0,0,0,0
18a.sql,true,78,64,13,1,0,30,34,0,0,0,0,0,164,0,0,0,0,410,0.0,0.0,0.0,0,0,0,0
18a.sql,false,79,64,14,1,0,29,35,0,0,0,0,0,186,0,0,0,0,410,0.0,0.0,0.0,0,0,0,0
17f.sql,true,221,19,97,101,4,19,0,0,4,0,0,0,1086,0,0,0,0,1113120,0.0,0.0,0.0,0,0,0,0
17f.sql,false,257,18,136,99,4,17,1,0,4,0,0,0,1467,0,0,0,0,1113120,0.0,0.0,0.0,0,0,0,0
17e.sql,true,394,4,128,251,10,3,1,0,10,0,0,0,1491,0,0,0,0,2832555,0.0,0.0,0.0,0,0,0,0
17e.sql,false,391,4,146,231,10,3,1,0,10,0,0,0,1619,0,0,0,0,2832555,0.0,0.0,0.0,0,0,0,0
17d.sql,true,29,17,10,2,0,16,1,0,0,0,0,0,184,0,0,0,0,11538,0.0,0.0,0.0,0,0,0,0
17d.sql,false,29,17,11,1,0,16,1,0,0,0,0,0,231,0,0,0,0,11538,0.0,0.0,0.0,0,0,0,0
17c.sql,true,20,16,4,0,0,16,0,0,0,0,0,0,56,0,0,0,0,1918,0.0,0.0,0.0,0,0,0,0
17c.sql,false,20,15,4,1,0,15,0,0,0,0,0,0,61,0,0,0,0,1918,0.0,0.0,0.0,0,0,0,0
17b.sql,true,54,16,29,8,1,15,1,0,1,0,0,0,665,0,0,0,0,52306,0.0,0.0,0.0,0,0,0,0
17b.sql,false,56,16,33,6,1,16,0,0,1,0,0,0,728,0,0,0,0,52306,0.0,0.0,0.0,0,0,0,0
17a.sql,true,108,19,44,44,1,17,2,0,1,0,0,0,700,0,0,0,0,258289,0.0,0.0,0.0,0,0,0,0
17a.sql,false,141,20,92,27,2,17,3,0,2,0,0,0,817,0,0,0,0,258289,0.0,0.0,0.0,0,0,0,0
16d.sql,true,53,10,18,22,2,8,2,0,2,0,0,0,241,0,0,0,0,249455,0.0,0.0,0.0,0,0,0,0
16d.sql,false,53,11,20,20,2,8,3,0,2,0,0,0,269,0,0,0,0,249455,0.0,0.0,0.0,0,0,0,0
16c.sql,true,64,11,21,30,2,8,3,0,2,0,0,0,295,0,0,0,0,319932,0.0,0.0,0.0,0,0,0,0
16c.sql,false,70,12,23,32,3,8,4,0,3,0,0,0,343,0,0,0,0,319932,0.0,0.0,0.0,0,0,0,0
16b.sql,true,981,4,412,539,26,2,2,0,26,0,0,0,3072,0,0,0,0,3710592,0.0,0.0,0.0,0,0,0,0
16b.sql,false,798,10,283,477,27,3,7,0,27,0,0,0,3316,0,0,0,0,3710592,0.0,0.0,0.0,0,0,0,0
16a.sql,true,14,9,5,0,0,5,4,0,0,0,0,0,52,0,0,0,0,385,0.0,0.0,0.0,0,0,0,0
16a.sql,false,13,8,5,0,0,5,3,0,0,0,0,0,55,0,0,0,0,385,0.0,0.0,0.0,0,0,0,0
15d.sql,true,45,38,5,2,0,32,6,0,0,0,0,0,98,0,0,0,0,11347,0.0,0.0,0.0,0,0,0,0
15d.sql,false,43,36,4,2,0,31,5,0,0,0,0,0,77,0,0,0,0,11347,0.0,0.0,0.0,0,0,0,0
15c.sql,true,44,42,2,0,0,38,4,0,0,0,0,0,19,0,0,0,0,2271,0.0,0.0,0.0,0,0,0,0
15c.sql,false,45,42,2,1,0,38,4,0,0,0,0,0,26,0,0,0,0,2271,0.0,0.0,0.0,0,0,0,0
15b.sql,true,59,52,1,6,0,45,7,0,0,0,0,0,1,0,0,0,0,37,0.0,0.0,0.0,0,0,0,0
15b.sql,false,58,51,1,6,0,45,6,0,0,0,0,0,1,0,0,0,0,37,0.0,0.0,0.0,0,0,0,0
15a.sql,true,57,55,2,0,0,46,9,0,0,0,0,0,16,0,0,0,0,328,0.0,0.0,0.0,0,0,0,0
15a.sql,false,58,55,1,2,0,46,9,0,0,0,0,0,16,0,0,0,0,328,0.0,0.0,0.0,0,0,0,0
14c.sql,true,58,49,6,2,1,25,24,0,1,0,0,0,80,0,0,0,0,4115,0.0,0.0,0.0,0,0,0,0
14c.sql,false,57,50,7,0,0,25,25,0,0,0,0,0,76,0,0,0,0,4115,0.0,0.0,0.0,0,0,0,0
14b.sql,true,38,32,0,6,0,18,14,0,0,0,0,0,1,0,0,0,0,1,0.0,0.0,0.0,0,0,0,0
14b.sql,false,39,33,1,5,0,18,15,0,0,0,0,0,1,0,0,0,0,1,0.0,0.0,0.0,0,0,0,0
14a.sql,true,51,43,7,1,0,20,23,0,0,0,0,0,90,0,0,0,0,761,0.0,0.0,0.0,0,0,0,0
14a.sql,false,51,42,8,0,0,20,22,0,0,0,0,0,117,0,0,0,0,761,0.0,0.0,0.0,0,0,0,0
13d.sql,true,283,6,209,61,7,4,2,0,7,0,0,0,3450,0,0,0,0,670390,0.0,0.0,0.0,0,0,0,0
13d.sql,false,242,6,172,56,7,4,2,0,7,0,0,0,3502,0,0,0,0,670390,0.0,0.0,0.0,0,0,0,0
13c.sql,true,29,21,2,6,0,19,2,0,0,0,0,0,1,0,0,0,0,53,0.0,0.0,0.0,0,0,0,0
13c.sql,false,28,21,1,6,0,19,2,0,0,0,0,0,1,0,0,0,0,53,0.0,0.0,0.0,0,0,0,0
13b.sql,true,28,25,3,0,0,23,2,0,0,0,0,0,35,0,0,0,0,372,0.0,0.0,0.0,0,0,0,0
13b.sql,false,29,26,3,0,0,24,2,0,0,0,0,0,26,0,0,0,0,372,0.0,0.0,0.0,0,0,0,0
13a.sql,true,51,5,26,18,2,5,0,0,2,0,0,0,450,0,0,0,0,111101,0.0,0.0,0.0,0,0,0,0
13a.sql,false,79,4,62,11,1,4,0,0,1,0,0,0,814,0,0,0,0,111101,0.0,0.0,0.0,0,0,0,0
12c.sql,true,47,28,17,2,0,16,12,0,0,0,0,0,224,0,0,0,0,4711,0.0,0.0,0.0,0,0,0,0
12c.sql,false,47,29,17,1,0,17,12,0,0,0,0,0,202,0,0,0,0,4711,0.0,0.0,0.0,0,0,0,0
12b.sql,true,24,17,0,6,1,15,2,0,1,0,0,0,1,0,0,0,0,10,0.0,0.0,0.0,0,0,0,0
12b.sql,false,22,16,1,5,0,14,2,0,0,0,0,0,1,0,0,0,0,10,0.0,0.0,0.0,0,0,0,0
12a.sql,true,30,23,7,0,0,13,10,0,0,0,0,0,67,0,0,0,0,397,0.0,0.0,0.0,0,0,0,0
12a.sql,false,31,24,6,1,0,14,10,0,0,0,0,0,59,0,0,0,0,397,0.0,0.0,0.0,0,0,0,0
11d.sql,true,81,50,10,20,1,21,29,0,1,0,0,0,195,0,0,0,0,14899,0.0,0.0,0.0,0,0,0,0
11d.sql,false,71,53,12,6,0,22,31,0,0,0,0,0,256,0,0,0,0,14899,0.0,0.0,0.0,0,0,0,0
11c.sql,true,64,53,8,3,0,22,31,0,0,0,0,0,129,0,0,0,0,6946,0.0,0.0,0.0,0,0,0,0
11c.sql,false,67,53,11,2,1,23,30,0,1,0,0,0,231,0,0,0,0,6946,0.0,0.0,0.0,0,0,0,0
11b.sql,true,53,47,1,5,0,18,29,0,0,0,0,0,1,0,0,0,0,14,0.0,0.0,0.0,0,0,0,0
11b.sql,false,52,45,1,5,0,18,27,0,0,0,0,0,1,0,0,0,0,14,0.0,0.0,0.0,0,0,0,0
11a.sql,true,53,49,3,1,0,20,29,0,0,0,0,0,27,0,0,0,0,310,0.0,0.0,0.0,0,0,0,0
11a.sql,false,51,47,3,1,0,20,27,0,0,0,0,0,26,0,0,0,0,310,0.0,0.0,0.0,0,0,0,0
10c.sql,true,183,96,84,3,0,66,30,0,0,0,0,0,3622,0,0,0,0,10,0.0,0.0,0.0,0,0,0,0
10c.sql,false,185,96,85,4,0,67,29,0,0,0,0,0,3580,0,0,0,0,10,0.0,0.0,0.0,0,0,0,0
10b.sql,true,92,91,0,1,0,62,29,0,0,0,0,0,1,0,0,0,0,0,0.0,0.0,0.0,0,0,0,0
10b.sql,false,89,88,1,0,0,61,27,0,0,0,0,0,1,0,0,0,0,0,0.0,0.0,0.0,0,0,0,0
10a.sql,true,71,68,3,0,0,62,6,0,0,0,0,0,23,0,0,0,0,104,0.0,0.0,0.0,0,0,0,0
10a.sql,false,69,66,3,0,0,60,6,0,0,0,0,0,24,0,0,0,0,104,0.0,0.0,0.0,0,0,0,0
09d.sql,true,209,37,83,82,7,13,24,0,7,0,0,0,1214,0,0,0,0,483082,0.0,0.0,0.0,0,0,0,0
09d.sql,false,233,37,95,94,6,12,25,0,6,0,0,0,1144,0,0,0,0,483082,0.0,0.0,0.0,0,0,0,0
09c.sql,true,63,44,18,1,0,18,26,0,0,0,0,0,339,0,0,0,0,8144,0.0,0.0,0.0,0,0,0,0
09c.sql,false,62,43,17,1,1,18,25,0,1,0,0,0,284,0,0,0,0,8144,0.0,0.0,0.0,0,0,0,0
09b.sql,true,242,231,3,8,0,35,196,0,0,0,0,0,35,0,0,0,0,40,0.0,0.0,0.0,0,0,0,0
09b.sql,false,78,67,4,7,0,36,31,0,0,0,0,0,34,0,0,0,0,40,0.0,0.0,0.0,0,0,0,0
09a.sql,true,89,79,5,5,0,39,40,0,0,0,0,0,57,0,0,0,0,121,0.0,0.0,0.0,0,0,0,0
09a.sql,false,241,232,4,5,0,39,193,0,0,0,0,0,46,0,0,0,0,121,0.0,0.0,0.0,0,0,0,0
08d.sql,true,125,4,74,45,2,3,1,0,2,0,0,0,665,0,0,0,0,323005,0.0,0.0,0.0,0,0,0,0
08d.sql,false,104,5,67,30,2,3,2,0,2,0,0,0,729,0,0,0,0,323005,0.0,0.0,0.0,0,0,0,0
08c.sql,true,543,4,297,224,18,2,2,0,18,0,0,0,4329,0,0,0,0,2487611,0.0,0.0,0.0,0,0,0,0
08c.sql,false,630,4,296,312,18,2,2,0,18,0,0,0,4242,0,0,0,0,2487611,0.0,0.0,0.0,0,0,0,0
08b.sql,true,47,41,1,5,0,33,8,0,0,0,0,0,1,0,0,0,0,6,0.0,0.0,0.0,0,0,0,0
08b.sql,false,47,40,1,6,0,33,7,0,0,0,0,0,1,0,0,0,0,6,0.0,0.0,0.0,0,0,0,0
08a.sql,true,41,37,4,0,0,27,10,0,0,0,0,0,46,0,0,0,0,62,0.0,0.0,0.0,0,0,0,0
08a.sql,false,42,38,3,1,0,28,10,0,0,0,0,0,49,0,0,0,0,62,0.0,0.0,0.0,0,0,0,0
07c.sql,true,115,53,54,7,1,40,13,0,1,0,0,0,1009,0,0,0,0,68185,0.0,0.0,0.0,0,0,0,0
07c.sql,false,199,52,138,8,1,39,13,0,1,0,0,0,5082,0,0,0,0,68185,0.0,0.0,0.0,0,0,0,0
07b.sql,true,41,35,1,5,0,24,11,0,0,0,0,0,1,0,0,0,0,16,0.0,0.0,0.0,0,0,0,0
07b.sql,false,41,34,1,6,0,23,11,0,0,0,0,0,1,0,0,0,0,16,0.0,0.0,0.0,0,0,0,0
07a.sql,true,53,46,2,5,0,37,9,0,0,0,0,0,1,0,0,0,0,32,0.0,0.0,0.0,0,0,0,0
07a.sql,false,47,41,1,5,0,32,9,0,0,0,0,0,1,0,0,0,0,32,0.0,0.0,0.0,0,0,0,0
06f.sql,true,172,11,50,102,9,9,2,0,9,0,0,0,446,0,0,0,0,785477,0.0,0.0,0.0,0,0,0,0
06f.sql,false,164,11,77,67,9,9,2,0,9,0,0,0,675,0,0,0,0,785477,0.0,0.0,0.0,0,0,0,0
06e.sql,true,41,35,1,5,0,33,2,0,0,0,0,0,7,0,0,0,0,6,0.0,0.0,0.0,0,0,0,0
06e.sql,false,40,34,1,4,1,32,2,0,1,0,0,0,11,0,0,0,0,6,0.0,0.0,0.0,0,0,0,0
06d.sql,true,35,34,1,0,0,32,2,0,0,0,0,0,16,0,0,0,0,88,0.0,0.0,0.0,0,0,0,0
06d.sql,false,35,34,1,0,0,32,2,0,0,0,0,0,15,0,0,0,0,88,0.0,0.0,0.0,0,0,0,0
06c.sql,true,31,25,1,5,0,25,0,0,0,0,0,0,0,0,0,0,0,2,0.0,0.0,0.0,0,0,0,0
06c.sql,false,32,26,0,6,0,26,0,0,0,0,0,0,0,0,0,0,0,2,0.0,0.0,0.0,0,0,0,0
06b.sql,true,32,25,1,6,0,25,0,0,0,0,0,0,0,0,0,0,0,12,0.0,0.0,0.0,0,0,0,0
06b.sql,false,32,25,1,6,0,25,0,0,0,0,0,0,0,0,0,0,0,12,0.0,0.0,0.0,0,0,0,0
06a.sql,true,34,28,1,5,0,27,1,0,0,0,0,0,0,0,0,0,0,6,0.0,0.0,0.0,0,0,0,0
06a.sql,false,33,27,0,6,0,27,0,0,0,0,0,0,0,0,0,0,0,6,0.0,0.0,0.0,0,0,0,0
05c.sql,true,44,40,1,3,0,24,16,0,0,0,0,0,9,0,0,0,0,669,0.0,0.0,0.0,0,0,0,0
05c.sql,false,47,42,2,3,0,27,15,0,0,0,0,0,8,0,0,0,0,669,0.0,0.0,0.0,0,0,0,0
05b.sql,true,26,25,1,0,0,17,8,0,0,0,0,0,0,0,0,0,0,0,0.0,0.0,0.0,0,0,0,0
05b.sql,false,26,25,1,0,0,17,8,0,0,0,0,0,0,0,0,0,0,0,0.0,0.0,0.0,0,0,0,0
05a.sql,true,25,24,0,0,0,18,6,0,0,0,0,0,0,0,0,0,0,0,0.0,0.0,0.0,0,0,0,0
05a.sql,false,26,25,1,0,0,18,7,0,0,0,0,0,0,0,0,0,0,0,0.0,0.0,0.0,0,0,0,0
04c.sql,true,30,27,2,1,0,16,11,0,0,0,0,0,25,0,0,0,0,4700,0.0,0.0,0.0,0,0,0,0
04c.sql,false,30,26,3,1,0,16,10,0,0,0,0,0,23,0,0,0,0,4700,0.0,0.0,0.0,0,0,0,0
04b.sql,true,17,11,0,6,0,9,2,0,0,0,0,0,0,0,0,0,0,6,0.0,0.0,0.0,0,0,0,0
04b.sql,false,16,10,1,5,0,8,2,0,0,0,0,0,0,0,0,0,0,6,0.0,0.0,0.0,0,0,0,0
04a.sql,true,23,21,2,0,0,13,8,0,0,0,0,0,18,0,0,0,0,740,0.0,0.0,0.0,0,0,0,0
04a.sql,false,22,20,1,1,0,13,7,0,0,0,0,0,15,0,0,0,0,740,0.0,0.0,0.0,0,0,0,0
03c.sql,true,29,25,3,0,1,16,9,0,1,0,0,0,18,0,0,0,0,7250,0.0,0.0,0.0,0,0,0,0
03c.sql,false,29,25,2,2,0,17,8,0,0,0,0,0,17,0,0,0,0,7250,0.0,0.0,0.0,0,0,0,0
03b.sql,true,12,8,1,3,0,7,1,0,0,0,0,0,0,0,0,0,0,5,0.0,0.0,0.0,0,0,0,0
03b.sql,false,12,8,1,3,0,7,1,0,0,0,0,0,12,0,0,0,0,5,0.0,0.0,0.0,0,0,0,0
03a.sql,true,17,15,2,0,0,11,4,0,0,0,0,0,19,0,0,0,0,206,0.0,0.0,0.0,0,0,0,0
03a.sql,false,17,15,2,0,0,11,4,0,0,0,0,0,17,0,0,0,0,206,0.0,0.0,0.0,0,0,0,0
02d.sql,true,20,4,9,7,0,2,2,0,0,0,0,0,128,0,0,0,0,68316,0.0,0.0,0.0,0,0,0,0
02d.sql,false,18,3,8,7,0,2,1,0,0,0,0,0,125,0,0,0,0,68316,0.0,0.0,0.0,0,0,0,0
02c.sql,true,2,1,0,0,0,1,0,0,0,0,0,0,0,0,0,0,0,0,0.0,0.0,0.0,0,0,0,0
02c.sql,false,3,2,1,0,0,2,0,0,0,0,0,0,0,0,0,0,0,0,0.0,0.0,0.0,0,0,0,0
02b.sql,true,9,2,6,1,0,2,0,0,0,0,0,0,97,0,0,0,0,5228,0.0,0.0,0.0,0,0,0,0
02b.sql,false,10,2,7,1,0,2,0,0,0,0,0,0,103,0,0,0,0,5228,0.0,0.0,0.0,0,0,0,0
02a.sql,true,11,2,8,1,0,1,1,0,0,0,0,0,120,0,0,0,0,7834,0.0,0.0,0.0,0,0,0,0
02a.sql,false,12,2,8,2,0,2,0,0,0,0,0,0,111,0,0,0,0,7834,0.0,0.0,0.0,0,0,0,0
01d.sql,true,43,35,0,8,0,18,17,0,0,0,0,0,0,0,0,0,0,4,0.0,0.0,0.0,0,0,0,0
01d.sql,false,39,32,1,6,0,18,14,0,0,0,0,0,0,0,0,0,0,4,0.0,0.0,0.0,0,0,0,0
01c.sql,true,24,16,1,7,0,13,3,0,0,0,0,0,0,0,0,0,0,3,0.0,0.0,0.0,0,0,0,0
01c.sql,false,24,16,1,7,0,13,3,0,0,0,0,0,0,0,0,0,0,3,0.0,0.0,0.0,0,0,0,0
01b.sql,true,41,33,0,7,1,18,15,0,1,0,0,0,0,0,0,0,0,3,0.0,0.0,0.0,0,0,0,0
01b.sql,false,41,33,1,7,0,18,15,0,0,0,0,0,0,0,0,0,0,3,0.0,0.0,0.0,0,0,0,0
01a.sql,true,25,17,0,8,0,14,3,0,0,0,0,0,0,0,0,0,0,142,0.0,0.0,0.0,0,0,0,0
01a.sql,false,24,17,0,7,0,14,3,0,0,0,0,0,0,0,0,0,0,142,0.0,0.0,0.0,0,0,0,0
