Query,IsWarmup,Millis,PreMillis,JoinMillis,MatMillis,PostMillis,FilterMillis,IndexMillis,GroupByMillis,AggregateMillis,HavingMillis,OrderMillis,Tuples,Samples,Lookups,NrIndexEntries,nrUniqueLookups,NrPlans,JoinCard,AvgReward,MaxReward,TotalWork,DataSize,UctSize,StateSize,JoinSize
33c.sql,true,7508,413,110,23,1,56,357,0,1,0,0,0,120,0,0,0,0,114,0.0,0.0,0.0,0,0,0,0
33c.sql,false,136,79,41,16,0,35,44,0,0,0,0,0,43,0,0,0,0,114,0.0,0.0,0.0,0,0,0,0
33b.sql,true,108,80,14,14,0,50,30,0,0,0,0,0,18,0,0,0,0,4,0.0,0.0,0.0,0,0,0,0
33b.sql,false,79,46,20,13,0,17,29,0,0,0,0,0,27,0,0,0,0,4,0.0,0.0,0.0,0,0,0,0
33a.sql,true,100,65,21,14,0,28,37,0,0,0,0,0,19,0,0,0,0,8,0.0,0.0,0.0,0,0,0,0
33a.sql,false,91,65,13,13,0,29,36,0,0,0,0,0,21,0,0,0,0,8,0.0,0.0,0.0,0,0,0,0
32b.sql,true,193,1,177,14,1,1,0,0,1,0,0,0,207,0,0,0,0,4388,0.0,0.0,0.0,0,0,0,0
32b.sql,false,47,1,31,14,1,1,0,0,1,0,0,0,50,0,0,0,0,4388,0.0,0.0,0.0,0,0,0,0
32a.sql,true,1,1,0,0,0,1,0,0,0,0,0,0,1,0,0,0,0,0,0.0,0.0,0.0,0,0,0,0
32a.sql,false,1,0,0,1,0,0,0,0,0,0,0,0,1,0,0,0,0,0,0.0,0.0,0.0,0,0,0,0
31c.sql,true,461,412,36,12,1,327,85,0,1,0,0,0,390,0,0,0,0,2825,0.0,0.0,0.0,0,0,0,0
31c.sql,false,155,120,27,6,1,36,84,0,1,0,0,0,645,0,0,0,0,2825,0.0,0.0,0.0,0,0,0,0
31b.sql,true,247,244,2,1,0,146,98,0,0,0,0,0,19,0,0,0,0,84,0.0,0.0,0.0,0,0,0,0
31b.sql,false,226,222,2,1,0,135,87,0,0,0,0,0,19,0,0,0,0,84,0.0,0.0,0.0,0,0,0,0
31a.sql,true,141,131,9,1,0,47,84,0,0,0,0,0,192,0,0,0,0,1273,0.0,0.0,0.0,0,0,0,0
31a.sql,false,140,130,9,1,0,46,84,0,0,0,0,0,168,0,0,0,0,1273,0.0,0.0,0.0,0,0,0,0
30c.sql,true,278,132,139,6,0,43,89,0,0,0,0,0,2695,0,0,0,0,8024,0.0,0.0,0.0,0,0,0,0
30c.sql,false,208,133,69,5,1,43,90,0,1,0,0,0,797,0,0,0,0,8024,0.0,0.0,0.0,0,0,0,0
30b.sql,true,187,183,2,2,0,98,85,0,0,0,0,0,16,0,0,0,0,28,0.0,0.0,0.0,0,0,0,0
30b.sql,false,188,185,3,0,0,101,84,0,0,0,0,0,16,0,0,0,0,28,0.0,0.0,0.0,0,0,0,0
30a.sql,true,180,147,32,0,0,59,88,0,0,0,0,0,489,0,0,0,0,757,0.0,0.0,0.0,0,0,0,0
30a.sql,false,670,633,36,1,0,59,574,0,0,0,0,0,542,0,0,0,0,757,0.0,0.0,0.0,0,0,0,0
29c.sql,true,1341,1308,22,10,1,1158,150,0,1,0,0,0,583,0,0,0,0,16308,0.0,0.0,0.0,0,0,0,0
29c.sql,false,1132,1071,47,13,1,982,89,0,1,0,0,0,1203,0,0,0,0,16308,0.0,0.0,0.0,0,0,0,0
29b.sql,true,645,641,3,0,0,558,83,0,0,0,0,0,19,0,0,0,0,15,0.0,0.0,0.0,0,0,0,0
29b.sql,false,641,637,3,1,0,554,83,0,0,0,0,0,16,0,0,0,0,15,0.0,0.0,0.0,0,0,0,0
29a.sql,true,933,928,4,1,0,843,85,0,0,0,0,0,41,0,0,0,0,1620,0.0,0.0,0.0,0,0,0,0
29a.sql,false,1062,1057,4,0,1,970,87,0,1,0,0,0,26,0,0,0,0,1620,0.0,0.0,0.0,0,0,0,0
28c.sql,true,309,194,111,4,0,97,97,0,0,0,0,0,2567,0,0,0,0,8373,0.0,0.0,0.0,0,0,0,0
28c.sql,false,251,193,51,6,1,96,97,0,0,0,0,0,925,0,0,0,0,8373,0.0,0.0,0.0,0,0,0,0
28b.sql,true,173,138,29,6,0,90,48,0,0,0,0,0,538,0,0,0,0,148,0.0,0.0,0.0,0,0,0,0
28b.sql,false,172,138,34,0,0,89,49,0,0,0,0,0,515,0,0,0,0,148,0.0,0.0,0.0,0,0,0,0
28a.sql,true,237,195,39,3,0,99,96,0,0,0,0,0,661,0,0,0,0,4803,0.0,0.0,0.0,0,0,0,0
28a.sql,false,241,195,42,4,0,97,98,0,0,0,0,0,983,0,0,0,0,4803,0.0,0.0,0.0,0,0,0,0
27c.sql,true,174,166,7,1,0,41,125,0,0,0,0,0,76,0,0,0,0,743,0.0,0.0,0.0,0,0,0,0
27c.sql,false,166,162,3,1,0,43,119,0,0,0,0,0,39,0,0,0,0,743,0.0,0.0,0.0,0,0,0,0
27b.sql,true,119,116,2,1,0,25,91,0,0,0,0,0,43,0,0,0,0,247,0.0,0.0,0.0,0,0,0,0
27b.sql,false,125,123,2,0,0,21,102,0,0,0,0,0,29,0,0,0,0,247,0.0,0.0,0.0,0,0,0,0
27a.sql,true,130,125,4,1,0,35,90,0,0,0,0,0,86,0,0,0,0,477,0.0,0.0,0.0,0,0,0,0
27a.sql,false,131,127,3,1,0,36,91,0,0,0,0,0,48,0,0,0,0,477,0.0,0.0,0.0,0,0,0,0
26c.sql,true,370,148,217,5,0,135,13,0,0,0,0,0,3291,0,0,0,0,5400,0.0,0.0,0.0,0,0,0,0
26c.sql,false,221,125,92,4,0,113,12,0,0,0,0,0,1437,0,0,0,0,5400,0.0,0.0,0.0,0,0,0,0
26b.sql,true,157,120,36,1,0,109,11,0,0,0,0,0,980,0,0,0,0,93,0.0,0.0,0.0,0,0,0,0
26b.sql,false,163,144,18,1,0,131,13,0,0,0,0,0,220,0,0,0,0,93,0.0,0.0,0.0,0,0,0,0
26a.sql,true,196,154,41,1,0,132,22,0,0,0,0,0,507,0,0,0,0,1728,0.0,0.0,0.0,0,0,0,0
26a.sql,false,258,156,101,1,0,135,21,0,0,0,0,0,1999,0,0,0,0,1728,0.0,0.0,0.0,0,0,0,0
25c.sql,true,179,90,80,9,0,15,75,0,0,0,0,0,1158,0,0,0,0,26153,0.0,0.0,0.0,0,0,0,0
25c.sql,false,187,86,88,13,0,14,72,0,0,0,0,0,1221,0,0,0,0,26153,0.0,0.0,0.0,0,0,0,0
25b.sql,true,108,100,1,7,0,31,69,0,0,0,0,0,1,0,0,0,0,6,0.0,0.0,0.0,0,0,0,0
25b.sql,false,108,100,0,7,0,30,70,0,0,0,0,0,1,0,0,0,0,6,0.0,0.0,0.0,0,0,0,0
25a.sql,true,129,83,43,2,1,13,70,0,1,0,0,0,434,0,0,0,0,4407,0.0,0.0,0.0,0,0,0,0
25a.sql,false,127,83,39,5,0,13,70,0,0,0,0,0,463,0,0,0,0,4407,0.0,0.0,0.0,0,0,0,0
24b.sql,true,945,937,4,4,0,857,80,0,0,0,0,0,66,0,0,0,0,45,0.0,0.0,0.0,0,0,0,0
24b.sql,false,1079,1076,3,0,0,994,82,0,0,0,0,0,53,0,0,0,0,45,0.0,0.0,0.0,0,0,0,0
24a.sql,true,1083,1075,8,0,0,992,83,0,0,0,0,0,141,0,0,0,0,275,0.0,0.0,0.0,0,0,0,0
24a.sql,false,1091,1080,10,1,0,982,98,0,0,0,0,0,241,0,0,0,0,275,0.0,0.0,0.0,0,0,0,0
23c.sql,true,129,125,2,1,0,102,23,0,0,0,0,0,32,0,0,0,0,628,0.0,0.0,0.0,0,0,0,0
23c.sql,false,128,125,2,1,0,104,21,0,0,0,0,0,29,0,0,0,0,628,0.0,0.0,0.0,0,0,0,0
23b.sql,true,98,96,2,0,0,79,17,0,0,0,0,0,19,0,0,0,0,16,0.0,0.0,0.0,0,0,0,0
23b.sql,false,102,98,3,0,0,81,17,0,0,0,0,0,42,0,0,0,0,16,0.0,0.0,0.0,0,0,0,0
23a.sql,true,113,111,2,0,0,98,13,0,0,0,0,0,23,0,0,0,0,618,0.0,0.0,0.0,0,0,0,0
23a.sql,false,118,115,2,1,0,98,17,0,0,0,0,0,22,0,0,0,0,618,0.0,0.0,0.0,0,0,0,0
22d.sql,true,169,121,42,6,0,33,88,0,0,0,0,0,786,0,0,0,0,46281,0.0,0.0,0.0,0,0,0,0
22d.sql,false,187,102,73,11,1,33,69,0,1,0,0,0,1438,0,0,0,0,46281,0.0,0.0,0.0,0,0,0,0
22c.sql,true,258,207,48,3,0,105,102,0,0,0,0,0,755,0,0,0,0,21489,0.0,0.0,0.0,0,0,0,0
22c.sql,false,253,218,31,4,0,109,109,0,0,0,0,0,483,0,0,0,0,21489,0.0,0.0,0.0,0,0,0,0
22b.sql,true,213,190,23,0,0,94,96,0,0,0,0,0,258,0,0,0,0,31,0.0,0.0,0.0,0,0,0,0
22b.sql,false,233,208,25,0,0,105,103,0,0,0,0,0,278,0,0,0,0,31,0.0,0.0,0.0,0,0,0,0
22a.sql,true,225,200,24,1,0,102,98,0,0,0,0,0,361,0,0,0,0,2851,0.0,0.0,0.0,0,0,0,0
22a.sql,false,219,194,23,1,0,105,89,0,0,0,0,0,381,0,0,0,0,2851,0.0,0.0,0.0,0,0,0,0
21c.sql,true,173,167,5,1,0,43,124,0,0,0,0,0,68,0,0,0,0,1874,0.0,0.0,0.0,0,0,0,0
21c.sql,false,171,156,9,6,0,36,120,0,0,0,0,0,127,0,0,0,0,1874,0.0,0.0,0.0,0,0,0,0
21b.sql,true,128,125,3,0,0,34,91,0,0,0,0,0,60,0,0,0,0,38,0.0,0.0,0.0,0,0,0,0
21b.sql,false,145,136,4,5,0,40,96,0,0,0,0,0,95,0,0,0,0,38,0.0,0.0,0.0,0,0,0,0
21a.sql,true,147,139,7,1,0,37,102,0,0,0,0,0,89,0,0,0,0,1410,0.0,0.0,0.0,0,0,0,0
21a.sql,false,139,131,7,0,0,34,97,0,0,0,0,0,90,0,0,0,0,1410,0.0,0.0,0.0,0,0,0,0
20c.sql,true,245,142,101,1,0,129,13,0,0,0,0,0,3185,0,0,0,0,5406,0.0,0.0,0.0,0,0,0,0
20c.sql,false,265,147,115,2,0,133,14,0,0,0,0,0,2094,0,0,0,0,5406,0.0,0.0,0.0,0,0,0,0
20b.sql,true,396,393,1,2,0,386,7,0,0,0,0,0,1,0,0,0,0,17,0.0,0.0,0.0,0,0,0,0
20b.sql,false,402,400,2,0,0,383,17,0,0,0,0,0,17,0,0,0,0,17,0.0,0.0,0.0,0,0,0,0
20a.sql,true,300,294,1,4,0,270,24,0,0,0,0,0,1,0,0,0,0,33,0.0,0.0,0.0,0,0,0,0
20a.sql,false,265,252,12,1,0,236,16,0,0,0,0,0,178,0,0,0,0,33,0.0,0.0,0.0,0,0,0,0
19d.sql,true,1589,95,1171,308,15,24,71,0,15,0,0,0,29830,0,0,0,0,1760645,0.0,0.0,0.0,0,0,0,0
19d.sql,false,2635,239,2134,246,15,23,216,0,15,0,0,0,33166,0,0,0,0,1760645,0.0,0.0,0.0,0,0,0,0
19c.sql,true,1091,1063,26,1,0,973,90,0,0,0,0,0,347,0,0,0,0,3575,0.0,0.0,0.0,0,0,0,0
19c.sql,false,963,941,21,1,0,849,92,0,0,0,0,0,356,0,0,0,0,3575,0.0,0.0,0.0,0,0,0,0
19b.sql,true,1141,1135,1,5,0,1058,77,0,0,0,0,0,1,0,0,0,0,15,0.0,0.0,0.0,0,0,0,0
19b.sql,false,1147,1142,0,5,0,1065,77,0,0,0,0,0,1,0,0,0,0,15,0.0,0.0,0.0,0,0,0,0
19a.sql,true,1172,1167,4,0,1,1037,130,0,1,0,0,0,50,0,0,0,0,184,0.0,0.0,0.0,0,0,0,0
19a.sql,false,1187,1175,6,6,0,1047,128,0,0,0,0,0,90,0,0,0,0,184,0.0,0.0,0.0,0,0,0,0
18c.sql,true,205,89,109,7,0,13,76,0,0,0,0,0,1838,0,0,0,0,28073,0.0,0.0,0.0,0,0,0,0
18c.sql,false,203,89,103,9,1,13,76,0,1,0,0,0,1319,0,0,0,0,28073,0.0,0.0,0.0,0,0,0,0
18b.sql,true,111,103,7,0,0,28,75,0,0,0,0,0,60,0,0,0,0,11,0.0,0.0,0.0,0,0,0,0
18b.sql,false,111,102,8,1,0,27,75,0,0,0,0,0,97,0,0,0,0,11,0.0,0.0,0.0,0,0,0,0
18a.sql,true,223,175,40,8,0,42,133,0,0,0,0,0,627,0,0,0,0,410,0.0,0.0,0.0,0,0,0,0
18a.sql,false,202,175,19,8,0,42,133,0,0,0,0,0,273,0,0,0,0,410,0.0,0.0,0.0,0,0,0,0
17f.sql,true,747,73,524,145,5,72,1,0,5,0,0,0,7727,0,0,0,0,1113120,0.0,0.0,0.0,0,0,0,0
17f.sql,false,899,67,566,261,5,65,2,0,5,0,0,0,7503,0,0,0,0,1113120,0.0,0.0,0.0,0,0,0,0
17e.sql,true,2221,3,1409,797,12,1,2,0,12,0,0,0,19117,0,0,0,0,2832555,0.0,0.0,0.0,0,0,0,0
17e.sql,false,1827,3,1056,756,12,1,2,0,12,0,0,0,12324,0,0,0,0,2832555,0.0,0.0,0.0,0,0,0,0
17d.sql,true,143,65,75,3,0,65,0,0,0,0,0,0,2111,0,0,0,0,11538,0.0,0.0,0.0,0,0,0,0
17d.sql,false,1320,65,1249,6,0,65,0,0,0,0,0,0,36102,0,0,0,0,11538,0.0,0.0,0.0,0,0,0,0
17c.sql,true,76,63,12,1,0,63,0,0,0,0,0,0,273,0,0,0,0,1918,0.0,0.0,0.0,0,0,0,0
17c.sql,false,77,66,10,1,0,66,0,0,0,0,0,0,223,0,0,0,0,1918,0.0,0.0,0.0,0,0,0,0
17b.sql,true,259,62,187,10,0,61,1,0,0,0,0,0,4763,0,0,0,0,52306,0.0,0.0,0.0,0,0,0,0
17b.sql,false,644,63,574,6,1,62,1,0,1,0,0,0,15715,0,0,0,0,52306,0.0,0.0,0.0,0,0,0,0
17a.sql,true,1129,67,1005,55,2,65,2,0,2,0,0,0,31040,0,0,0,0,258289,0.0,0.0,0.0,0,0,0,0
17a.sql,false,572,66,467,37,2,64,2,0,2,0,0,0,9071,0,0,0,0,258289,0.0,0.0,0.0,0,0,0,0
16d.sql,true,171,18,95,56,2,15,3,0,2,0,0,0,1467,0,0,0,0,249455,0.0,0.0,0.0,0,0,0,0
16d.sql,false,155,17,104,32,2,14,3,0,2,0,0,0,1742,0,0,0,0,249455,0.0,0.0,0.0,0,0,0,0
16c.sql,true,217,15,153,46,3,11,4,0,3,0,0,0,3054,0,0,0,0,319932,0.0,0.0,0.0,0,0,0,0
16c.sql,false,258,15,168,72,3,12,3,0,3,0,0,0,2977,0,0,0,0,319932,0.0,0.0,0.0,0,0,0,0
16b.sql,true,2509,2,1878,598,31,1,1,0,31,0,0,0,23899,0,0,0,0,3710592,0.0,0.0,0.0,0,0,0,0
16b.sql,false,3298,3,2428,836,31,1,2,0,31,0,0,0,23855,0,0,0,0,3710592,0.0,0.0,0.0,0,0,0,0
16a.sql,true,33,10,17,6,0,7,3,0,0,0,0,0,349,0,0,0,0,385,0.0,0.0,0.0,0,0,0,0
16a.sql,false,34,10,19,5,0,7,3,0,0,0,0,0,390,0,0,0,0,385,0.0,0.0,0.0,0,0,0,0
15d.sql,true,82,69,10,2,0,64,5,0,0,0,0,0,169,0,0,0,0,11347,0.0,0.0,0.0,0,0,0,0
15d.sql,false,75,66,6,3,0,61,5,0,0,0,0,0,142,0,0,0,0,11347,0.0,0.0,0.0,0,0,0,0
15c.sql,true,102,100,2,0,0,95,5,0,0,0,0,0,28,0,0,0,0,2271,0.0,0.0,0.0,0,0,0,0
15c.sql,false,103,100,2,1,0,95,5,0,0,0,0,0,35,0,0,0,0,2271,0.0,0.0,0.0,0,0,0,0
15b.sql,true,155,149,1,5,0,141,8,0,0,0,0,0,1,0,0,0,0,37,0.0,0.0,0.0,0,0,0,0
15b.sql,false,155,149,0,6,0,141,8,0,0,0,0,0,1,0,0,0,0,37,0.0,0.0,0.0,0,0,0,0
15a.sql,true,149,147,2,0,0,137,10,0,0,0,0,0,27,0,0,0,0,328,0.0,0.0,0.0,0,0,0,0
15a.sql,false,149,147,2,0,0,138,9,0,0,0,0,0,22,0,0,0,0,328,0.0,0.0,0.0,0,0,0,0
14c.sql,true,117,95,21,1,0,25,70,0,0,0,0,0,300,0,0,0,0,4115,0.0,0.0,0.0,0,0,0,0
14c.sql,false,116,94,21,1,0,23,71,0,0,0,0,0,313,0,0,0,0,4115,0.0,0.0,0.0,0,0,0,0
14b.sql,true,78,73,0,5,0,34,39,0,0,0,0,0,1,0,0,0,0,1,0.0,0.0,0.0,0,0,0,0
14b.sql,false,79,74,0,5,0,35,39,0,0,0,0,0,1,0,0,0,0,1,0.0,0.0,0.0,0,0,0,0
14a.sql,true,102,85,17,0,0,19,66,0,0,0,0,0,232,0,0,0,0,761,0.0,0.0,0.0,0,0,0,0
14a.sql,false,101,84,17,0,0,18,66,0,0,0,0,0,229,0,0,0,0,761,0.0,0.0,0.0,0,0,0,0
13d.sql,true,1177,2,1086,80,8,1,1,0,8,0,0,0,19810,0,0,0,0,670390,0.0,0.0,0.0,0,0,0,0
13d.sql,false,1225,3,1054,160,8,1,2,0,8,0,0,0,23880,0,0,0,0,670390,0.0,0.0,0.0,0,0,0,0
13c.sql,true,79,72,0,7,0,70,1,0,0,0,0,0,1,0,0,0,0,53,0.0,0.0,0.0,0,0,0,0
13c.sql,false,81,74,1,5,0,73,1,0,0,0,0,0,1,0,0,0,0,53,0.0,0.0,0.0,0,0,0,0
13b.sql,true,81,78,2,1,0,77,1,0,0,0,0,0,34,0,0,0,0,372,0.0,0.0,0.0,0,0,0,0
13b.sql,false,87,79,2,6,0,77,2,0,0,0,0,0,51,0,0,0,0,372,0.0,0.0,0.0,0,0,0,0
13a.sql,true,155,1,137,16,1,0,1,0,1,0,0,0,2561,0,0,0,0,111101,0.0,0.0,0.0,0,0,0,0
13a.sql,false,421,1,404,14,2,1,0,0,2,0,0,0,8413,0,0,0,0,111101,0.0,0.0,0.0,0,0,0,0
12c.sql,true,116,45,70,0,1,20,25,0,1,0,0,0,805,0,0,0,0,4711,0.0,0.0,0.0,0,0,0,0
12c.sql,false,144,46,90,7,1,22,24,0,1,0,0,0,1548,0,0,0,0,4711,0.0,0.0,0.0,0,0,0,0
12b.sql,true,57,51,1,5,0,49,2,0,0,0,0,0,1,0,0,0,0,10,0.0,0.0,0.0,0,0,0,0
12b.sql,false,57,52,1,4,0,50,2,0,0,0,0,0,1,0,0,0,0,10,0.0,0.0,0.0,0,0,0,0
12a.sql,true,42,35,6,1,0,18,17,0,0,0,0,0,84,0,0,0,0,397,0.0,0.0,0.0,0,0,0,0
12a.sql,false,44,36,8,0,0,19,17,0,0,0,0,0,120,0,0,0,0,397,0.0,0.0,0.0,0,0,0,0
11d.sql,true,146,113,22,11,0,25,88,0,0,0,0,0,404,0,0,0,0,14899,0.0,0.0,0.0,0,0,0,0
11d.sql,false,154,123,22,9,0,24,99,0,0,0,0,0,434,0,0,0,0,14899,0.0,0.0,0.0,0,0,0,0
11c.sql,true,160,119,38,2,1,32,87,0,1,0,0,0,1217,0,0,0,0,6946,0.0,0.0,0.0,0,0,0,0
11c.sql,false,167,120,40,7,0,31,89,0,0,0,0,0,1260,0,0,0,0,6946,0.0,0.0,0.0,0,0,0,0
11b.sql,true,126,120,1,5,0,24,96,0,0,0,0,0,1,0,0,0,0,14,0.0,0.0,0.0,0,0,0,0
11b.sql,false,124,118,0,6,0,22,96,0,0,0,0,0,1,0,0,0,0,14,0.0,0.0,0.0,0,0,0,0
11a.sql,true,131,121,4,5,0,33,88,0,0,0,0,0,63,0,0,0,0,310,0.0,0.0,0.0,0,0,0,0
11a.sql,false,139,131,3,5,0,33,98,0,0,0,0,0,36,0,0,0,0,310,0.0,0.0,0.0,0,0,0,0
10c.sql,true,1240,287,949,3,0,196,91,0,0,0,0,0,13358,0,0,0,0,10,0.0,0.0,0.0,0,0,0,0
10c.sql,false,380,289,88,3,0,196,93,0,0,0,0,0,5478,0,0,0,0,10,0.0,0.0,0.0,0,0,0,0
10b.sql,true,278,278,0,0,0,188,90,0,0,0,0,0,1,0,0,0,0,0,0.0,0.0,0.0,0,0,0,0
10b.sql,false,276,275,0,1,0,186,89,0,0,0,0,0,1,0,0,0,0,0,0.0,0.0,0.0,0,0,0,0
10a.sql,true,210,205,5,0,0,200,5,0,0,0,0,0,45,0,0,0,0,104,0.0,0.0,0.0,0,0,0,0
10a.sql,false,206,201,4,1,0,196,5,0,0,0,0,0,49,0,0,0,0,104,0.0,0.0,0.0,0,0,0,0
09d.sql,true,473,82,322,61,8,11,71,0,8,0,0,0,7974,0,0,0,0,483082,0.0,0.0,0.0,0,0,0,0
09d.sql,false,463,82,312,61,8,11,71,0,8,0,0,0,5607,0,0,0,0,483082,0.0,0.0,0.0,0,0,0,0
09c.sql,true,156,96,49,11,0,26,70,0,0,0,0,0,749,0,0,0,0,8144,0.0,0.0,0.0,0,0,0,0
09c.sql,false,154,97,47,10,0,26,71,0,0,0,0,0,764,0,0,0,0,8144,0.0,0.0,0.0,0,0,0,0
09b.sql,true,195,184,3,8,0,109,75,0,0,0,0,0,32,0,0,0,0,40,0.0,0.0,0.0,0,0,0,0
09b.sql,false,192,182,3,7,0,107,75,0,0,0,0,0,36,0,0,0,0,40,0.0,0.0,0.0,0,0,0,0
09a.sql,true,218,209,4,5,0,97,112,0,0,0,0,0,45,0,0,0,0,121,0.0,0.0,0.0,0,0,0,0
09a.sql,false,212,208,4,0,0,95,113,0,0,0,0,0,45,0,0,0,0,121,0.0,0.0,0.0,0,0,0,0
08d.sql,true,1014,3,891,117,3,1,2,0,3,0,0,0,33547,0,0,0,0,323005,0.0,0.0,0.0,0,0,0,0
08d.sql,false,315,2,269,41,2,1,1,0,2,0,0,0,5213,0,0,0,0,323005,0.0,0.0,0.0,0,0,0,0
08c.sql,true,5028,3,4694,311,20,1,2,0,20,0,0,0,116862,0,0,0,0,2487611,0.0,0.0,0.0,0,0,0,0
08c.sql,false,3056,2,2624,409,21,0,2,0,21,0,0,0,43128,0,0,0,0,2487611,0.0,0.0,0.0,0,0,0,0
08b.sql,true,149,144,0,5,0,136,8,0,0,0,0,0,1,0,0,0,0,6,0.0,0.0,0.0,0,0,0,0
08b.sql,false,144,139,0,5,0,132,7,0,0,0,0,0,1,0,0,0,0,6,0.0,0.0,0.0,0,0,0,0
08a.sql,true,129,115,8,6,0,105,10,0,0,0,0,0,102,0,0,0,0,62,0.0,0.0,0.0,0,0,0,0
08a.sql,false,131,123,8,0,0,112,11,0,0,0,0,0,97,0,0,0,0,62,0.0,0.0,0.0,0,0,0,0
07c.sql,true,357,108,233,15,1,75,33,0,1,0,0,0,6063,0,0,0,0,68185,0.0,0.0,0.0,0,0,0,0
07c.sql,false,389,108,263,17,0,75,33,0,0,0,0,0,8440,0,0,0,0,68185,0.0,0.0,0.0,0,0,0,0
07b.sql,true,77,70,1,5,0,42,28,0,0,0,0,0,1,0,0,0,0,16,0.0,0.0,0.0,0,0,0,0
07b.sql,false,74,68,1,5,0,40,28,0,0,0,0,0,1,0,0,0,0,16,0.0,0.0,0.0,0,0,0,0
07a.sql,true,91,89,1,0,1,62,27,0,1,0,0,0,20,0,0,0,0,32,0.0,0.0,0.0,0,0,0,0
07a.sql,false,92,89,3,0,0,62,27,0,0,0,0,0,58,0,0,0,0,32,0.0,0.0,0.0,0,0,0,0
06f.sql,true,680,15,472,182,10,14,1,0,10,0,0,0,4010,0,0,0,0,785477,0.0,0.0,0.0,0,0,0,0
06f.sql,false,644,15,438,181,10,13,2,0,10,0,0,0,3973,0,0,0,0,785477,0.0,0.0,0.0,0,0,0,0
06e.sql,true,144,137,1,6,0,135,2,0,0,0,0,0,25,0,0,0,0,6,0.0,0.0,0.0,0,0,0,0
06e.sql,false,139,133,1,5,0,130,3,0,0,0,0,0,1,0,0,0,0,6,0.0,0.0,0.0,0,0,0,0
06d.sql,true,139,133,1,5,0,130,3,0,0,0,0,0,1,0,0,0,0,88,0.0,0.0,0.0,0,0,0,0
06d.sql,false,137,131,1,5,0,129,2,0,0,0,0,0,28,0,0,0,0,88,0.0,0.0,0.0,0,0,0,0
06c.sql,true,122,117,1,4,0,117,0,0,0,0,0,0,1,0,0,0,0,2,0.0,0.0,0.0,0,0,0,0
06c.sql,false,122,116,0,6,0,116,0,0,0,0,0,0,1,0,0,0,0,2,0.0,0.0,0.0,0,0,0,0
06b.sql,true,122,116,0,6,0,116,0,0,0,0,0,0,1,0,0,0,0,12,0.0,0.0,0.0,0,0,0,0
06b.sql,false,121,115,1,5,0,115,0,0,0,0,0,0,1,0,0,0,0,12,0.0,0.0,0.0,0,0,0,0
06a.sql,true,126,121,0,5,0,120,1,0,0,0,0,0,1,0,0,0,0,6,0.0,0.0,0.0,0,0,0,0
06a.sql,false,127,121,0,6,0,120,1,0,0,0,0,0,1,0,0,0,0,6,0.0,0.0,0.0,0,0,0,0
05c.sql,true,115,111,1,3,0,71,40,0,0,0,0,0,14,0,0,0,0,669,0.0,0.0,0.0,0,0,0,0
05c.sql,false,117,113,1,3,0,73,40,0,0,0,0,0,16,0,0,0,0,669,0.0,0.0,0.0,0,0,0,0
05b.sql,true,74,74,0,0,0,51,23,0,0,0,0,0,1,0,0,0,0,0,0.0,0.0,0.0,0,0,0,0
05b.sql,false,73,73,0,0,0,51,22,0,0,0,0,0,1,0,0,0,0,0,0.0,0.0,0.0,0,0,0,0
05a.sql,true,64,63,0,1,0,54,9,0,0,0,0,0,1,0,0,0,0,0,0.0,0.0,0.0,0,0,0,0
05a.sql,false,66,65,1,0,0,56,9,0,0,0,0,0,1,0,0,0,0,0,0.0,0.0,0.0,0,0,0,0
04c.sql,true,66,49,10,7,0,22,27,0,0,0,0,0,162,0,0,0,0,4700,0.0,0.0,0.0,0,0,0,0
04c.sql,false,64,48,9,7,0,21,27,0,0,0,0,0,161,0,0,0,0,4700,0.0,0.0,0.0,0,0,0,0
04b.sql,true,18,12,1,5,0,10,2,0,0,0,0,0,1,0,0,0,0,6,0.0,0.0,0.0,0,0,0,0
04b.sql,false,19,12,0,7,0,10,2,0,0,0,0,0,1,0,0,0,0,6,0.0,0.0,0.0,0,0,0,0
04a.sql,true,47,36,11,0,0,17,19,0,0,0,0,0,202,0,0,0,0,740,0.0,0.0,0.0,0,0,0,0
04a.sql,false,52,36,10,6,0,17,19,0,0,0,0,0,213,0,0,0,0,740,0.0,0.0,0.0,0,0,0,0
03c.sql,true,56,47,8,1,0,21,26,0,0,0,0,0,106,0,0,0,0,7250,0.0,0.0,0.0,0,0,0,0
03c.sql,false,54,46,7,1,0,21,25,0,0,0,0,0,107,0,0,0,0,7250,0.0,0.0,0.0,0,0,0,0
03b.sql,true,14,10,1,3,0,9,1,0,0,0,0,0,33,0,0,0,0,5,0.0,0.0,0.0,0,0,0,0
03b.sql,false,13,10,0,3,0,8,2,0,0,0,0,0,31,0,0,0,0,5,0.0,0.0,0.0,0,0,0,0
03a.sql,true,27,22,5,0,0,15,7,0,0,0,0,0,71,0,0,0,0,206,0.0,0.0,0.0,0,0,0,0
03a.sql,false,27,22,5,0,0,15,7,0,0,0,0,0,70,0,0,0,0,206,0.0,0.0,0.0,0,0,0,0
02d.sql,true,71,2,54,14,1,1,1,0,1,0,0,0,703,0,0,0,0,68316,0.0,0.0,0.0,0,0,0,0
02d.sql,false,61,2,49,10,0,0,2,0,0,0,0,0,703,0,0,0,0,68316,0.0,0.0,0.0,0,0,0,0
02c.sql,true,1,1,0,0,0,1,0,0,0,0,0,0,1,0,0,0,0,0,0.0,0.0,0.0,0,0,0,0
02c.sql,false,0,0,0,0,0,0,0,0,0,0,0,0,1,0,0,0,0,0,0.0,0.0,0.0,0,0,0,0
02b.sql,true,32,1,30,1,0,1,0,0,0,0,0,0,549,0,0,0,0,5228,0.0,0.0,0.0,0,0,0,0
02b.sql,false,38,1,36,1,0,1,0,0,0,0,0,0,649,0,0,0,0,5228,0.0,0.0,0.0,0,0,0,0
02a.sql,true,31,1,28,1,1,0,1,0,1,0,0,0,559,0,0,0,0,7834,0.0,0.0,0.0,0,0,0,0
02a.sql,false,31,0,29,2,0,0,0,0,0,0,0,0,560,0,0,0,0,7834,0.0,0.0,0.0,0,0,0,0
01d.sql,true,80,73,0,7,0,31,42,0,0,0,0,0,1,0,0,0,0,4,0.0,0.0,0.0,0,0,0,0
01d.sql,false,84,76,0,8,0,30,46,0,0,0,0,0,1,0,0,0,0,4,0.0,0.0,0.0,0,0,0,0
01c.sql,true,52,45,1,6,0,42,3,0,0,0,0,0,15,0,0,0,0,3,0.0,0.0,0.0,0,0,0,0
01c.sql,false,50,43,0,7,0,41,2,0,0,0,0,0,1,0,0,0,0,3,0.0,0.0,0.0,0,0,0,0
01b.sql,true,86,78,0,8,0,32,46,0,0,0,0,0,1,0,0,0,0,3,0.0,0.0,0.0,0,0,0,0
01b.sql,false,92,84,1,7,0,33,51,0,0,0,0,0,1,0,0,0,0,3,0.0,0.0,0.0,0,0,0,0
01a.sql,true,68,61,0,7,0,59,2,0,0,0,0,0,1,0,0,0,0,142,0.0,0.0,0.0,0,0,0,0
01a.sql,false,65,58,0,7,0,56,2,0,0,0,0,0,1,0,0,0,0,142,0.0,0.0,0.0,0,0,0,0
