Query,IsWarmup,Millis,PreMillis,JoinMillis,MatMillis,PostMillis,FilterMillis,IndexMillis,GroupByMillis,AggregateMillis,HavingMillis,OrderMillis,Tuples,Samples,Lookups,NrIndexEntries,nrUniqueLookups,NrPlans,JoinCard,AvgReward,MaxReward,TotalWork,DataSize,UctSize,StateSize,JoinSize
q21.sql,true,21836,2717,791,48,13,387,2330,0,0,0,0,0,1121,0,0,0,0,39445,0.0,0.0,0.0,0,0,0,0
q21.sql,false,1755,1395,319,35,6,377,1018,0,0,0,0,0,1352,0,0,0,0,39445,0.0,0.0,0.0,0,0,0,0
q20.sql,true,13,13,0,0,0,13,0,0,0,0,0,0,0,0,0,0,0,21999,0.0,0.0,0.0,0,0,0,0
q20.sql,true,598,144,0,0,453,144,0,0,0,0,0,0,0,0,0,0,0,9099165,0.0,0.0,0.0,0,0,0,0
q20.sql,true,2700,1143,1532,25,0,0,1143,0,0,0,0,0,3378,0,0,0,0,59593,0.0,0.0,0.0,0,0,0,0
q20.sql,true,16,7,5,2,2,2,5,0,0,0,2,0,9,0,0,0,0,1800,0.0,0.0,0.0,0,0,0,0
q20.sql,false,22,22,0,0,0,22,0,0,0,0,0,0,0,0,0,0,0,21999,0.0,0.0,0.0,0,0,0,0
q20.sql,false,531,85,0,0,446,85,0,0,0,0,0,0,0,0,0,0,0,9099165,0.0,0.0,0.0,0,0,0,0
q20.sql,false,1221,1060,121,40,0,0,1060,0,0,0,0,0,3708,0,0,0,0,59593,0.0,0.0,0.0,0,0,0,0
q20.sql,false,10,6,2,2,0,1,5,0,0,0,0,0,3,0,0,0,0,1800,0.0,0.0,0.0,0,0,0,0
q19.sql,true,1922,1597,303,2,19,298,1299,0,19,0,0,0,1270,0,0,0,0,1117,0.0,0.0,0.0,0,0,0,0
q19.sql,false,971,915,54,1,1,295,620,0,1,0,0,0,1246,0,0,0,0,1117,0.0,0.0,0.0,0,0,0,0
q18.sql,true,423,0,0,0,423,0,0,0,0,0,0,0,0,0,0,0,0,59986052,0.0,0.0,0.0,0,0,0,0
q18.sql,true,343,0,334,1,8,0,0,0,0,0,0,0,6576,0,0,0,0,693,0.0,0.0,0.0,0,0,0,0
q18.sql,false,441,0,0,0,441,0,0,0,0,0,0,0,0,0,0,0,0,59986052,0.0,0.0,0.0,0,0,0,0
q18.sql,false,135,0,131,1,3,0,0,0,0,0,0,0,6535,0,0,0,0,693,0.0,0.0,0.0,0,0,0,0
q17.sql,true,195,0,0,0,195,0,0,0,195,0,0,0,0,0,0,0,0,59986052,0.0,0.0,0.0,0,0,0,0
q17.sql,true,177,148,27,1,1,2,146,0,1,0,0,0,20,0,0,0,0,5380,0.0,0.0,0.0,0,0,0,0
q17.sql,false,58,0,0,0,58,0,0,0,58,0,0,0,0,0,0,0,0,59986052,0.0,0.0,0.0,0,0,0,0
q17.sql,false,153,147,4,1,1,5,142,0,1,0,0,0,29,0,0,0,0,5380,0.0,0.0,0.0,0,0,0,0
q16.sql,true,4,4,0,0,0,4,0,0,0,0,0,0,0,0,0,0,0,56,0.0,0.0,0.0,0,0,0,0
q16.sql,true,1781,0,629,721,431,0,0,0,431,0,0,0,3124,0,0,0,0,7995520,0.0,0.0,0.0,0,0,0,0
q16.sql,false,4,4,0,0,0,4,0,0,0,0,0,0,0,0,0,0,0,56,0.0,0.0,0.0,0,0,0,0
q16.sql,false,1010,0,235,685,90,0,0,0,90,0,0,0,3160,0,0,0,0,7995520,0.0,0.0,0.0,0,0,0,0
q14.sql,true,739,138,33,262,306,123,15,0,306,0,0,0,445,0,0,0,0,772831,0.0,0.0,0.0,0,0,0,0
q14.sql,false,571,309,34,69,159,294,15,0,159,0,0,0,448,0,0,0,0,772831,0.0,0.0,0.0,0,0,0,0
q12.sql,true,271,111,20,24,116,107,4,8,85,23,0,0,199,0,0,0,0,311400,0.0,0.0,0.0,0,0,0,0
q12.sql,false,225,70,15,25,115,67,3,6,98,11,0,0,181,0,0,0,0,311400,0.0,0.0,0.0,0,0,0,0
q11.sql,true,105,1,9,49,45,1,0,0,45,0,0,0,50,0,0,0,0,320560,0.0,0.0,0.0,0,0,0,0
q11.sql,true,411,1,141,258,11,1,0,0,45,0,0,0,58,0,0,0,0,320560,0.0,0.0,0.0,0,0,0,0
q11.sql,false,68,1,21,28,18,1,0,0,18,0,0,0,50,0,0,0,0,320560,0.0,0.0,0.0,0,0,0,0
q11.sql,false,75,1,25,40,9,1,0,0,18,0,0,0,55,0,0,0,0,320560,0.0,0.0,0.0,0,0,0,0
q10.sql,true,924,160,175,171,418,93,67,0,0,0,0,0,993,0,0,0,0,1120704,0.0,0.0,0.0,0,0,0,0
q10.sql,false,795,168,75,111,441,102,66,0,0,0,0,0,896,0,0,0,0,1120704,0.0,0.0,0.0,0,0,0,0
q09.sql,false,1474,18,550,857,49,18,0,0,0,0,0,0,6625,0,0,0,0,3264524,0.0,0.0,0.0,0,0,0,0
q08.sql,true,271,109,51,3,108,29,80,0,108,0,0,0,606,0,0,0,0,24064,0.0,0.0,0.0,0,0,0,0
q08.sql,true,10,0,0,0,10,0,0,3,5,2,0,0,0,0,0,0,0,24064,0.0,0.0,0.0,0,0,0,0
q08.sql,false,171,106,42,3,20,30,76,0,20,0,0,0,495,0,0,0,0,24064,0.0,0.0,0.0,0,0,0,0
q08.sql,false,10,0,0,0,10,0,0,2,5,3,0,0,0,0,0,0,0,24064,0.0,0.0,0.0,0,0,0,0
q07.sql,true,725,482,195,8,40,172,310,0,40,0,0,0,2015,0,0,0,0,59996,0.0,0.0,0.0,0,0,0,0
q07.sql,true,2,0,0,0,2,0,0,0,40,0,0,0,0,0,0,0,0,59996,0.0,0.0,0.0,0,0,0,0
q07.sql,false,708,459,203,8,37,148,311,0,37,0,0,0,2220,0,0,0,0,59996,0.0,0.0,0.0,0,0,0,0
q07.sql,false,2,0,0,0,2,0,0,0,37,0,0,0,0,0,0,0,0,59996,0.0,0.0,0.0,0,0,0,0
q06.sql,true,114,74,0,0,40,74,0,0,40,0,0,0,0,0,0,0,0,1140618,0.0,0.0,0.0,0,0,0,0
q06.sql,false,127,72,0,0,55,72,0,0,55,0,0,0,0,0,0,0,0,1140618,0.0,0.0,0.0,0,0,0,0
q05.sql,true,799,54,735,9,1,12,42,0,0,0,0,0,8688,0,0,0,0,72985,0.0,0.0,0.0,0,0,0,0
q05.sql,false,1027,55,959,12,1,12,43,0,0,0,0,0,11053,0,0,0,0,72985,0.0,0.0,0.0,0,0,0,0
q04.sql,true,165,7,86,70,2,4,3,0,0,0,0,0,270,0,0,0,0,526571,0.0,0.0,0.0,0,0,0,0
q04.sql,false,90,7,38,43,2,4,3,0,0,0,0,0,273,0,0,0,0,526571,0.0,0.0,0.0,0,0,0,0
q03.sql,true,705,494,92,27,92,281,213,0,0,0,0,0,815,0,0,0,0,304063,0.0,0.0,0.0,0,0,0,0
q03.sql,false,667,455,92,27,92,226,229,0,0,0,0,0,812,0,0,0,0,304063,0.0,0.0,0.0,0,0,0,0
q02.sql,true,269,1,65,153,50,1,0,0,0,0,0,0,308,0,0,0,0,1603360,0.0,0.0,0.0,0,0,0,0
q02.sql,true,285,154,126,1,3,3,151,0,0,0,3,0,59,0,0,0,0,4830,0.0,0.0,0.0,0,0,0,0
q02.sql,false,374,1,64,266,43,1,0,0,0,0,0,0,328,0,0,0,0,1603360,0.0,0.0,0.0,0,0,0,0
q02.sql,false,163,154,4,2,3,3,151,0,0,0,3,0,62,0,0,0,0,4830,0.0,0.0,0.0,0,0,0,0
q01.sql,true,919,563,0,0,356,563,0,0,0,0,0,0,0,0,0,0,0,59444244,0.0,0.0,0.0,0,0,0,0
q01.sql,false,1030,676,0,0,354,676,0,0,0,0,0,0,0,0,0,0,0,59444244,0.0,0.0,0.0,0,0,0,0
