Query,IsWarmup,Millis,PreMillis,JoinMillis,MatMillis,PostMillis,FilterMillis,IndexMillis,GroupByMillis,AggregateMillis,HavingMillis,OrderMillis,Tuples,Samples,Lookups,NrIndexEntries,nrUniqueLookups,NrPlans,JoinCard,AvgReward,MaxReward,TotalWork,DataSize,UctSize,StateSize,JoinSize
q21.sql,true,8695,1717,606,46,11,160,1557,0,0,0,0,0,448,0,0,0,0,11787,0.0,0.0,0.0,0,0,0,0
q21.sql,false,668,537,117,11,3,145,392,0,0,0,0,0,401,0,0,0,0,11787,0.0,0.0,0.0,0,0,0,0
q20.sql,true,7,6,0,0,0,6,0,0,0,0,0,0,0,0,0,0,0,6549,0.0,0.0,0.0,0,0,0,0
q20.sql,true,197,65,0,0,131,65,0,0,0,0,0,0,0,0,0,0,0,2733944,0.0,0.0,0.0,0,0,0,0
q20.sql,true,786,489,292,5,0,0,489,0,0,0,0,0,1021,0,0,0,0,17821,0.0,0.0,0.0,0,0,0,0
q20.sql,true,7,3,2,1,1,1,2,0,0,0,1,0,12,0,0,0,0,553,0.0,0.0,0.0,0,0,0,0
q20.sql,false,6,5,0,0,0,5,0,0,0,0,0,0,0,0,0,0,0,6549,0.0,0.0,0.0,0,0,0,0
q20.sql,false,182,49,0,0,133,49,0,0,0,0,0,0,0,0,0,0,0,2733944,0.0,0.0,0.0,0,0,0,0
q20.sql,false,590,501,83,6,0,0,501,0,0,0,0,0,1051,0,0,0,0,17821,0.0,0.0,0.0,0,0,0,0
q20.sql,false,6,3,1,1,1,1,2,0,0,0,1,0,1,0,0,0,0,553,0.0,0.0,0.0,0,0,0,0
q19.sql,true,1173,925,223,3,22,135,790,0,22,0,0,0,348,0,0,0,0,328,0.0,0.0,0.0,0,0,0,0
q19.sql,false,770,735,32,2,1,128,607,0,1,0,0,0,346,0,0,0,0,328,0.0,0.0,0.0,0,0,0,0
q18.sql,true,165,0,0,0,164,0,0,0,0,0,0,0,0,0,0,0,0,17996609,0.0,0.0,0.0,0,0,0,0
q18.sql,true,56,1,49,0,6,0,1,0,0,0,0,0,2072,0,0,0,0,196,0.0,0.0,0.0,0,0,0,0
q18.sql,false,162,0,0,0,162,0,0,0,0,0,0,0,0,0,0,0,0,17996609,0.0,0.0,0.0,0,0,0,0
q18.sql,false,52,0,47,2,3,0,0,0,0,0,0,0,2045,0,0,0,0,196,0.0,0.0,0.0,0,0,0,0
q17.sql,true,162,1,0,0,161,0,1,0,161,0,0,0,0,0,0,0,0,17996609,0.0,0.0,0.0,0,0,0,0
q17.sql,true,87,72,10,4,1,2,70,0,1,0,0,0,8,0,0,0,0,1578,0.0,0.0,0.0,0,0,0,0
q17.sql,false,25,0,0,0,24,0,0,0,24,0,0,0,0,0,0,0,0,17996609,0.0,0.0,0.0,0,0,0,0
q17.sql,false,78,71,2,4,1,4,67,0,1,0,0,0,14,0,0,0,0,1578,0.0,0.0,0.0,0,0,0,0
q16.sql,true,3,3,0,0,0,3,0,0,0,0,0,0,0,0,0,0,0,15,0.0,0.0,0.0,0,0,0,0
q16.sql,true,1437,0,448,568,421,0,0,0,421,0,0,0,941,0,0,0,0,2398800,0.0,0.0,0.0,0,0,0,0
q16.sql,false,3,3,0,0,0,3,0,0,0,0,0,0,0,0,0,0,0,15,0.0,0.0,0.0,0,0,0,0
q16.sql,false,1769,0,1016,211,542,0,0,0,542,0,0,0,970,0,0,0,0,2398800,0.0,0.0,0.0,0,0,0,0
q14.sql,true,604,123,134,199,148,117,6,0,148,0,0,0,134,0,0,0,0,232993,0.0,0.0,0.0,0,0,0,0
q14.sql,false,342,77,15,85,165,72,5,0,165,0,0,0,132,0,0,0,0,232993,0.0,0.0,0.0,0,0,0,0
q12.sql,true,219,96,10,14,99,93,3,8,79,12,0,0,54,0,0,0,0,93421,0.0,0.0,0.0,0,0,0,0
q12.sql,false,153,36,8,10,98,35,1,8,81,9,0,0,54,0,0,0,0,93421,0.0,0.0,0.0,0,0,0,0
q11.sql,true,71,2,6,28,35,2,0,0,35,0,0,0,25,0,0,0,0,99600,0.0,0.0,0.0,0,0,0,0
q11.sql,true,57,1,6,46,4,1,0,0,35,0,0,0,30,0,0,0,0,99600,0.0,0.0,0.0,0,0,0,0
q11.sql,false,70,1,5,31,33,1,0,0,33,0,0,0,24,0,0,0,0,99600,0.0,0.0,0.0,0,0,0,0
q11.sql,false,26,1,6,15,4,1,0,0,33,0,0,0,30,0,0,0,0,99600,0.0,0.0,0.0,0,0,0,0
q10.sql,true,340,105,36,46,153,66,39,0,0,0,0,0,322,0,0,0,0,337586,0.0,0.0,0.0,0,0,0,0
q10.sql,false,335,121,35,75,104,83,38,0,0,0,0,0,322,0,0,0,0,337586,0.0,0.0,0.0,0,0,0,0
q09.sql,false,493,11,317,154,11,8,3,0,0,0,0,0,2876,0,0,0,0,980117,0.0,0.0,0.0,0,0,0,0
q08.sql,true,79,32,20,2,25,14,18,0,25,0,0,0,207,0,0,0,0,7167,0.0,0.0,0.0,0,0,0,0
q08.sql,true,8,0,0,0,7,0,0,2,3,2,0,0,0,0,0,0,0,7167,0.0,0.0,0.0,0,0,0,0
q08.sql,false,61,33,21,1,5,13,20,0,5,0,0,0,207,0,0,0,0,7167,0.0,0.0,0.0,0,0,0,0
q08.sql,false,11,0,0,0,11,0,0,5,3,3,0,0,0,0,0,0,0,7167,0.0,0.0,0.0,0,0,0,0
q07.sql,true,246,167,58,3,18,83,84,0,18,0,0,0,523,0,0,0,0,17664,0.0,0.0,0.0,0,0,0,0
q07.sql,true,3,0,0,0,3,0,0,0,18,0,0,0,0,0,0,0,0,17664,0.0,0.0,0.0,0,0,0,0
q07.sql,false,232,148,62,4,17,65,83,0,17,0,0,0,616,0,0,0,0,17664,0.0,0.0,0.0,0,0,0,0
q07.sql,false,2,0,0,0,2,0,0,0,17,0,0,0,0,0,0,0,0,17664,0.0,0.0,0.0,0,0,0,0
q06.sql,true,89,30,0,0,59,30,0,0,59,0,0,0,0,0,0,0,0,343014,0.0,0.0,0.0,0,0,0,0
q06.sql,false,98,42,0,0,56,42,0,0,56,0,0,0,0,0,0,0,0,343014,0.0,0.0,0.0,0,0,0,0
q05.sql,true,357,55,296,4,2,43,12,0,0,0,0,0,2436,0,0,0,0,22221,0.0,0.0,0.0,0,0,0,0
q05.sql,false,364,46,313,4,1,34,12,0,0,0,0,0,2466,0,0,0,0,22221,0.0,0.0,0.0,0,0,0,0
q04.sql,true,130,8,106,14,2,7,1,0,0,0,0,0,80,0,0,0,0,157991,0.0,0.0,0.0,0,0,0,0
q04.sql,false,35,4,15,14,2,3,1,0,0,0,0,0,83,0,0,0,0,157991,0.0,0.0,0.0,0,0,0,0
q03.sql,true,271,203,34,11,23,118,85,0,0,0,0,0,253,0,0,0,0,89744,0.0,0.0,0.0,0,0,0,0
q03.sql,false,279,212,34,12,21,125,87,0,0,0,0,0,254,0,0,0,0,89744,0.0,0.0,0.0,0,0,0,0
q02.sql,true,151,1,39,97,14,1,0,0,0,0,0,0,174,0,0,0,0,485360,0.0,0.0,0.0,0,0,0,0
q02.sql,true,95,56,36,1,1,3,53,0,0,0,0,0,26,0,0,0,0,1432,0.0,0.0,0.0,0,0,0,0
q02.sql,false,200,1,100,87,12,1,0,0,0,0,0,0,168,0,0,0,0,485360,0.0,0.0,0.0,0,0,0,0
q02.sql,false,65,59,3,1,1,3,56,0,0,0,1,0,29,0,0,0,0,1432,0.0,0.0,0.0,0,0,0,0
q01.sql,true,355,242,0,0,113,242,0,0,0,0,0,0,0,0,0,0,0,17838418,0.0,0.0,0.0,0,0,0,0
q01.sql,false,387,275,0,0,112,275,0,0,0,0,0,0,0,0,0,0,0,17838418,0.0,0.0,0.0,0,0,0,0
