Query,IsWarmup,Millis,PreMillis,JoinMillis,MatMillis,PostMillis,FilterMillis,IndexMillis,GroupByMillis,AggregateMillis,HavingMillis,OrderMillis,Tuples,Samples,Lookups,NrIndexEntries,nrUniqueLookups,NrPlans,JoinCard,AvgReward,MaxReward,TotalWork,DataSize,UctSize,StateSize,JoinSize
q21.sql,true,10242,1685,496,37,8,169,1516,0,0,0,0,0,1955,0,0,0,0,11787,0.0,0.0,0.0,0,0,0,0
q21.sql,false,1384,832,534,16,1,151,681,0,0,0,0,0,2039,0,0,0,0,11787,0.0,0.0,0.0,0,0,0,0
q20.sql,true,11,10,0,0,0,10,0,0,0,0,0,0,0,0,0,0,0,6549,0.0,0.0,0.0,0,0,0,0
q20.sql,true,334,63,0,0,271,63,0,0,0,0,0,0,0,0,0,0,0,2733944,0.0,0.0,0.0,0,0,0,0
q20.sql,true,721,345,366,10,0,1,344,0,0,0,0,0,6058,0,0,0,0,17821,0.0,0.0,0.0,0,0,0,0
q20.sql,true,16,2,4,9,1,0,2,0,0,0,1,0,6,0,0,0,0,553,0.0,0.0,0.0,0,0,0,0
q20.sql,false,11,10,0,0,1,10,0,0,0,0,1,0,0,0,0,0,0,6549,0.0,0.0,0.0,0,0,0,0
q20.sql,false,303,47,0,0,256,47,0,0,0,0,1,0,0,0,0,0,0,2733944,0.0,0.0,0.0,0,0,0,0
q20.sql,false,520,323,181,16,0,0,323,0,0,0,0,0,6082,0,0,0,0,17821,0.0,0.0,0.0,0,0,0,0
q20.sql,false,14,2,1,10,0,1,1,0,0,0,0,0,7,0,0,0,0,553,0.0,0.0,0.0,0,0,0,0
q19.sql,true,1009,617,370,1,20,122,495,0,20,0,0,0,2200,0,0,0,0,328,0.0,0.0,0.0,0,0,0,0
q19.sql,false,505,347,156,1,1,119,228,0,1,0,0,0,2149,0,0,0,0,328,0.0,0.0,0.0,0,0,0,0
q18.sql,true,161,0,0,0,161,0,0,0,0,0,0,0,0,0,0,0,0,17996609,0.0,0.0,0.0,0,0,0,0
q18.sql,true,246,1,241,1,3,1,0,0,0,0,0,0,11256,0,0,0,0,196,0.0,0.0,0.0,0,0,0,0
q18.sql,false,158,0,0,0,158,0,0,0,0,0,0,0,0,0,0,0,0,17996609,0.0,0.0,0.0,0,0,0,0
q18.sql,false,247,0,244,2,1,0,0,0,0,0,0,0,11263,0,0,0,0,196,0.0,0.0,0.0,0,0,0,0
q17.sql,true,151,0,0,0,151,0,0,0,151,0,0,0,0,0,0,0,0,17996609,0.0,0.0,0.0,0,0,0,0
q17.sql,true,78,64,10,2,1,1,63,0,1,0,0,0,35,0,0,0,0,1578,0.0,0.0,0.0,0,0,0,0
q17.sql,false,18,0,0,0,18,0,0,0,18,0,0,0,0,0,0,0,0,17996609,0.0,0.0,0.0,0,0,0,0
q17.sql,false,75,67,4,3,1,2,65,0,1,0,0,0,38,0,0,0,0,1578,0.0,0.0,0.0,0,0,0,0
q16.sql,true,4,4,0,0,0,4,0,0,0,0,0,0,0,0,0,0,0,15,0.0,0.0,0.0,0,0,0,0
q16.sql,true,2453,0,429,1763,261,0,0,0,261,0,0,0,4280,0,0,0,0,2398800,0.0,0.0,0.0,0,0,0,0
q16.sql,false,4,4,0,0,0,4,0,0,0,0,0,0,0,0,0,0,0,15,0.0,0.0,0.0,0,0,0,0
q16.sql,false,1302,0,383,545,374,0,0,0,374,0,0,0,4365,0,0,0,0,2398800,0.0,0.0,0.0,0,0,0,0
q14.sql,true,396,99,71,84,142,86,13,0,142,0,0,0,817,0,0,0,0,232993,0.0,0.0,0.0,0,0,0,0
q14.sql,false,314,50,61,86,117,36,14,0,117,0,0,0,820,0,0,0,0,232993,0.0,0.0,0.0,0,0,0,0
q12.sql,true,242,127,29,13,73,125,2,7,55,10,0,0,330,0,0,0,0,93421,0.0,0.0,0.0,0,0,0,0
q12.sql,false,181,76,29,14,62,74,2,6,51,5,0,0,331,0,0,0,0,93421,0.0,0.0,0.0,0,0,0,0
q11.sql,true,93,1,34,28,30,1,0,0,30,0,0,0,115,0,0,0,0,99600,0.0,0.0,0.0,0,0,0,0
q11.sql,true,753,0,729,17,7,0,0,0,30,0,0,0,120,0,0,0,0,99600,0.0,0.0,0.0,0,0,0,0
q11.sql,false,106,1,40,29,36,1,0,0,36,0,0,0,136,0,0,0,0,99600,0.0,0.0,0.0,0,0,0,0
q11.sql,false,62,0,38,17,7,0,0,0,36,0,0,0,322,0,0,0,0,99600,0.0,0.0,0.0,0,0,0,0
q10.sql,true,483,88,175,54,166,53,35,0,0,0,0,0,1776,0,0,0,0,337586,0.0,0.0,0.0,0,0,0,0
q10.sql,false,436,80,141,79,135,39,41,0,0,0,0,0,1777,0,0,0,0,337586,0.0,0.0,0.0,0,0,0,0
q09.sql,false,1265,18,1032,178,37,16,2,0,0,0,0,0,13762,0,0,0,0,980117,0.0,0.0,0.0,0,0,0,0
q08.sql,true,165,65,58,1,41,10,55,0,41,0,0,0,887,0,0,0,0,7167,0.0,0.0,0.0,0,0,0,0
q08.sql,true,6,0,0,0,6,0,0,2,2,2,0,0,0,0,0,0,0,7167,0.0,0.0,0.0,0,0,0,0
q08.sql,false,123,64,53,1,5,9,55,0,5,0,0,0,745,0,0,0,0,7167,0.0,0.0,0.0,0,0,0,0
q08.sql,false,7,0,0,0,7,0,0,3,3,1,0,0,0,0,0,0,0,7167,0.0,0.0,0.0,0,0,0,0
q07.sql,true,704,280,396,19,9,68,212,0,9,0,0,0,4912,0,0,0,0,17664,0.0,0.0,0.0,0,0,0,0
q07.sql,true,6,0,0,0,6,0,0,0,9,0,0,0,0,0,0,0,0,17664,0.0,0.0,0.0,0,0,0,0
q07.sql,false,840,258,544,23,15,51,207,0,15,0,0,0,8363,0,0,0,0,17664,0.0,0.0,0.0,0,0,0,0
q07.sql,false,1,0,0,0,1,0,0,0,15,0,0,0,0,0,0,0,0,17664,0.0,0.0,0.0,0,0,0,0
q06.sql,true,81,42,0,0,38,42,0,0,38,0,0,0,0,0,0,0,0,343014,0.0,0.0,0.0,0,0,0,0
q06.sql,false,69,53,0,0,16,53,0,0,16,0,0,0,0,0,0,0,0,343014,0.0,0.0,0.0,0,0,0,0
q05.sql,true,1835,71,1757,6,1,37,34,0,0,0,0,0,20044,0,0,0,0,22221,0.0,0.0,0.0,0,0,0,0
q05.sql,false,1670,77,1584,8,1,43,34,0,0,0,0,0,26494,0,0,0,0,22221,0.0,0.0,0.0,0,0,0,0
q04.sql,true,176,7,146,21,2,6,1,0,0,0,0,0,370,0,0,0,0,157991,0.0,0.0,0.0,0,0,0,0
q04.sql,false,80,6,52,20,2,4,2,0,0,0,0,0,379,0,0,0,0,157991,0.0,0.0,0.0,0,0,0,0
q03.sql,true,464,232,183,20,29,105,127,0,0,0,0,0,1789,0,0,0,0,89744,0.0,0.0,0.0,0,0,0,0
q03.sql,false,514,284,183,20,27,157,127,0,0,0,0,0,1768,0,0,0,0,89744,0.0,0.0,0.0,0,0,0,0
q02.sql,true,213,0,104,72,36,0,0,0,0,0,0,0,598,0,0,0,0,485360,0.0,0.0,0.0,0,0,0,0
q02.sql,true,81,42,36,1,1,1,41,0,0,0,1,0,42,0,0,0,0,1432,0.0,0.0,0.0,0,0,0,0
q02.sql,false,325,1,187,104,33,1,0,0,0,0,0,0,631,0,0,0,0,485360,0.0,0.0,0.0,0,0,0,0
q02.sql,false,49,43,4,1,1,1,42,0,0,0,0,0,75,0,0,0,0,1432,0.0,0.0,0.0,0,0,0,0
q01.sql,true,724,296,0,0,427,296,0,0,0,0,0,0,0,0,0,0,0,17838418,0.0,0.0,0.0,0,0,0,0
q01.sql,false,739,312,0,0,427,312,0,0,0,0,0,0,0,0,0,0,0,17838418,0.0,0.0,0.0,0,0,0,0
