Query,IsWarmup,Millis,PreMillis,JoinMillis,MatMillis,PostMillis,FilterMillis,IndexMillis,GroupByMillis,AggregateMillis,HavingMillis,OrderMillis,Tuples,Samples,Lookups,NrIndexEntries,nrUniqueLookups,NrPlans,JoinCard,AvgReward,MaxReward,TotalWork,DataSize,UctSize,StateSize,JoinSize
q21.sql,true,8245,1490,719,38,10,131,1359,0,0,0,0,0,439,0,0,0,0,11787,0.0,0.0,0.0,0,0,0,0
q21.sql,false,678,552,118,4,3,117,435,0,0,0,0,0,454,0,0,0,0,11787,0.0,0.0,0.0,0,0,0,0
q20.sql,true,6,5,0,0,1,5,0,0,1,0,0,0,0,0,0,0,0,6549,0.0,0.0,0.0,0,0,0,0
q20.sql,true,170,54,0,0,116,54,0,0,1,0,0,0,0,0,0,0,0,2733944,0.0,0.0,0.0,0,0,0,0
q20.sql,true,737,352,380,5,0,0,352,0,0,0,0,0,1017,0,0,0,0,17821,0.0,0.0,0.0,0,0,0,0
q20.sql,true,9,5,3,1,0,1,4,0,0,0,0,0,14,0,0,0,0,553,0.0,0.0,0.0,0,0,0,0
q20.sql,false,4,4,0,0,0,4,0,0,0,0,0,0,0,0,0,0,0,6549,0.0,0.0,0.0,0,0,0,0
q20.sql,false,156,39,0,0,117,39,0,0,0,0,0,0,0,0,0,0,0,2733944,0.0,0.0,0.0,0,0,0,0
q20.sql,false,445,365,74,6,0,0,365,0,0,0,0,0,1021,0,0,0,0,17821,0.0,0.0,0.0,0,0,0,0
q20.sql,false,16,3,2,11,0,1,2,0,0,0,0,0,13,0,0,0,0,553,0.0,0.0,0.0,0,0,0,0
q19.sql,true,1174,885,192,1,95,144,741,0,95,0,0,0,348,0,0,0,0,328,0.0,0.0,0.0,0,0,0,0
q19.sql,false,579,544,32,2,1,114,430,0,1,0,0,0,356,0,0,0,0,328,0.0,0.0,0.0,0,0,0,0
q18.sql,true,131,0,0,0,131,0,0,0,0,0,0,0,0,0,0,0,0,17996609,0.0,0.0,0.0,0,0,0,0
q18.sql,true,155,0,148,1,6,0,0,0,0,0,0,0,2096,0,0,0,0,196,0.0,0.0,0.0,0,0,0,0
q18.sql,false,129,0,0,0,129,0,0,0,0,0,0,0,0,0,0,0,0,17996609,0.0,0.0,0.0,0,0,0,0
q18.sql,false,90,1,86,0,3,1,0,0,0,0,0,0,2349,0,0,0,0,196,0.0,0.0,0.0,0,0,0,0
q17.sql,true,181,0,0,0,181,0,0,0,181,0,0,0,0,0,0,0,0,17996609,0.0,0.0,0.0,0,0,0,0
q17.sql,true,82,63,15,3,1,2,61,0,1,0,0,0,8,0,0,0,0,1578,0.0,0.0,0.0,0,0,0,0
q17.sql,false,17,0,0,0,17,0,0,0,17,0,0,0,0,0,0,0,0,17996609,0.0,0.0,0.0,0,0,0,0
q17.sql,false,71,66,2,2,1,4,62,0,1,0,0,0,16,0,0,0,0,1578,0.0,0.0,0.0,0,0,0,0
q16.sql,true,2,2,0,0,0,2,0,0,0,0,0,0,0,0,0,0,0,15,0.0,0.0,0.0,0,0,0,0
q16.sql,true,1222,0,390,516,315,0,0,0,315,0,0,0,941,0,0,0,0,2398800,0.0,0.0,0.0,0,0,0,0
q16.sql,false,2,2,0,0,0,2,0,0,0,0,0,0,0,0,0,0,0,15,0.0,0.0,0.0,0,0,0,0
q16.sql,false,1508,0,786,282,440,0,0,0,440,0,0,0,1005,0,0,0,0,2398800,0.0,0.0,0.0,0,0,0,0
q14.sql,true,704,119,339,129,117,114,5,0,117,0,0,0,98,0,0,0,0,232993,0.0,0.0,0.0,0,0,0,0
q14.sql,false,223,19,11,55,138,14,5,0,138,0,0,0,153,0,0,0,0,232993,0.0,0.0,0.0,0,0,0,0
q12.sql,true,203,107,7,10,79,106,1,8,60,11,0,0,54,0,0,0,0,93421,0.0,0.0,0.0,0,0,0,0
q12.sql,false,109,27,8,9,65,26,1,6,54,5,0,0,54,0,0,0,0,93421,0.0,0.0,0.0,0,0,0,0
q11.sql,true,44,1,6,19,18,1,0,0,18,0,0,0,27,0,0,0,0,99600,0.0,0.0,0.0,0,0,0,0
q11.sql,true,41,1,5,30,5,1,0,0,18,0,0,0,28,0,0,0,0,99600,0.0,0.0,0.0,0,0,0,0
q11.sql,false,50,0,4,21,25,0,0,0,25,0,0,0,25,0,0,0,0,99600,0.0,0.0,0.0,0,0,0,0
q11.sql,false,21,1,5,11,4,1,0,0,25,0,0,0,30,0,0,0,0,99600,0.0,0.0,0.0,0,0,0,0
q10.sql,true,273,82,30,50,111,55,27,0,0,0,0,0,319,0,0,0,0,337586,0.0,0.0,0.0,0,0,0,0
q10.sql,false,241,81,31,31,98,55,26,0,0,0,0,0,319,0,0,0,0,337586,0.0,0.0,0.0,0,0,0,0
q09.sql,false,427,8,255,152,11,5,3,0,0,0,0,0,2953,0,0,0,0,980117,0.0,0.0,0.0,0,0,0,0
q08.sql,true,73,34,17,2,20,11,23,0,20,0,0,0,234,0,0,0,0,7167,0.0,0.0,0.0,0,0,0,0
q08.sql,true,6,0,0,0,6,0,0,2,2,2,0,0,0,0,0,0,0,7167,0.0,0.0,0.0,0,0,0,0
q08.sql,false,54,32,15,2,5,10,22,0,5,0,0,0,213,0,0,0,0,7167,0.0,0.0,0.0,0,0,0,0
q08.sql,false,8,0,0,0,8,0,0,5,2,1,0,0,0,0,0,0,0,7167,0.0,0.0,0.0,0,0,0,0
q07.sql,true,251,155,68,11,16,63,92,0,16,0,0,0,822,0,0,0,0,17664,0.0,0.0,0.0,0,0,0,0
q07.sql,true,3,0,0,0,2,0,0,0,16,0,0,0,0,0,0,0,0,17664,0.0,0.0,0.0,0,0,0,0
q07.sql,false,233,147,74,3,9,52,95,0,9,0,0,0,727,0,0,0,0,17664,0.0,0.0,0.0,0,0,0,0
q07.sql,false,2,1,0,0,1,1,0,0,9,0,0,0,0,0,0,0,0,17664,0.0,0.0,0.0,0,0,0,0
q06.sql,true,74,24,0,0,50,24,0,0,50,0,0,0,0,0,0,0,0,343014,0.0,0.0,0.0,0,0,0,0
q06.sql,false,52,33,0,0,19,33,0,0,19,0,0,0,0,0,0,0,0,343014,0.0,0.0,0.0,0,0,0,0
q05.sql,true,299,54,240,4,1,41,13,0,0,0,0,0,2667,0,0,0,0,22221,0.0,0.0,0.0,0,0,0,0
q05.sql,false,333,96,232,4,1,83,13,0,0,0,0,0,2706,0,0,0,0,22221,0.0,0.0,0.0,0,0,0,0
q04.sql,true,120,4,102,13,1,3,1,0,0,0,0,0,80,0,0,0,0,157991,0.0,0.0,0.0,0,0,0,0
q04.sql,false,30,3,12,14,1,3,0,0,0,0,0,0,87,0,0,0,0,157991,0.0,0.0,0.0,0,0,0,0
q03.sql,true,226,169,27,8,22,94,75,0,0,0,0,0,258,0,0,0,0,89744,0.0,0.0,0.0,0,0,0,0
q03.sql,false,260,202,26,10,22,113,89,0,0,0,0,0,258,0,0,0,0,89744,0.0,0.0,0.0,0,0,0,0
q02.sql,true,151,0,27,107,16,0,0,0,0,0,0,0,185,0,0,0,0,485360,0.0,0.0,0.0,0,0,0,0
q02.sql,true,125,52,71,1,1,3,49,0,0,0,1,0,26,0,0,0,0,1432,0.0,0.0,0.0,0,0,0,0
q02.sql,false,168,1,82,72,13,1,0,0,0,0,0,0,146,0,0,0,0,485360,0.0,0.0,0.0,0,0,0,0
q02.sql,false,56,50,2,1,1,3,47,0,0,0,0,0,25,0,0,0,0,1432,0.0,0.0,0.0,0,0,0,0
q01.sql,true,289,179,0,0,110,179,0,0,0,0,0,0,0,0,0,0,0,17838418,0.0,0.0,0.0,0,0,0,0
q01.sql,false,314,205,0,0,109,205,0,0,0,0,0,0,0,0,0,0,0,17838418,0.0,0.0,0.0,0,0,0,0
