Query,IsWarmup,Millis,PreMillis,JoinMillis,MatMillis,PostMillis,FilterMillis,IndexMillis,GroupByMillis,AggregateMillis,HavingMillis,OrderMillis,Tuples,Samples,Lookups,NrIndexEntries,nrUniqueLookups,NrPlans,JoinCard,AvgReward,MaxReward,TotalWork,DataSize,UctSize,StateSize,JoinSize
q21.sql,true,11765,1738,569,62,16,211,1527,0,0,0,0,0,441,0,0,0,0,11787,0.0,0.0,0.0,0,0,0,0
q21.sql,false,714,604,99,6,5,184,420,0,0,0,0,0,402,0,0,0,0,11787,0.0,0.0,0.0,0,0,0,0
q20.sql,true,6,5,0,0,0,5,0,0,0,0,0,0,0,0,0,0,0,6549,0.0,0.0,0.0,0,0,0,0
q20.sql,true,223,85,0,0,138,85,0,0,0,0,0,0,0,0,0,0,0,2733944,0.0,0.0,0.0,0,0,0,0
q20.sql,true,1183,886,288,7,0,0,886,0,0,0,0,0,1020,0,0,0,0,17821,0.0,0.0,0.0,0,0,0,0
q20.sql,true,10,5,1,2,2,2,3,0,0,0,2,0,14,0,0,0,0,553,0.0,0.0,0.0,0,0,0,0
q20.sql,false,6,4,0,0,0,4,0,0,0,0,0,0,0,0,0,0,0,6549,0.0,0.0,0.0,0,0,0,0
q20.sql,false,188,57,0,0,130,57,0,0,0,0,0,0,0,0,0,0,0,2733944,0.0,0.0,0.0,0,0,0,0
q20.sql,false,935,848,79,7,0,0,848,0,0,0,0,0,1194,0,0,0,0,17821,0.0,0.0,0.0,0,0,0,0
q20.sql,false,8,4,1,2,1,1,3,0,0,0,1,0,1,0,0,0,0,553,0.0,0.0,0.0,0,0,0,0
q19.sql,true,1494,1152,304,3,35,158,994,0,35,0,0,0,349,0,0,0,0,328,0.0,0.0,0.0,0,0,0,0
q19.sql,false,807,779,25,1,1,172,607,0,1,0,0,0,346,0,0,0,0,328,0.0,0.0,0.0,0,0,0,0
q18.sql,true,198,0,0,0,198,0,0,0,0,0,0,0,0,0,0,0,0,17996609,0.0,0.0,0.0,0,0,0,0
q18.sql,true,58,1,47,1,9,0,1,0,0,0,0,0,2026,0,0,0,0,196,0.0,0.0,0.0,0,0,0,0
q18.sql,false,202,0,0,0,202,0,0,0,0,0,0,0,0,0,0,0,0,17996609,0.0,0.0,0.0,0,0,0,0
q18.sql,false,53,1,46,1,5,1,0,0,0,0,0,0,2072,0,0,0,0,196,0.0,0.0,0.0,0,0,0,0
q17.sql,true,821,0,0,0,821,0,0,0,821,0,0,0,0,0,0,0,0,17996609,0.0,0.0,0.0,0,0,0,0
q17.sql,true,79,66,10,2,1,2,64,0,1,0,0,0,7,0,0,0,0,1578,0.0,0.0,0.0,0,0,0,0
q17.sql,false,27,0,0,0,27,0,0,0,27,0,0,0,0,0,0,0,0,17996609,0.0,0.0,0.0,0,0,0,0
q17.sql,false,75,67,5,2,1,4,63,0,1,0,0,0,9,0,0,0,0,1578,0.0,0.0,0.0,0,0,0,0
q16.sql,true,2,2,0,0,0,2,0,0,0,0,0,0,0,0,0,0,0,15,0.0,0.0,0.0,0,0,0,0
q16.sql,true,1122,0,390,409,323,0,0,0,323,0,0,0,943,0,0,0,0,2398800,0.0,0.0,0.0,0,0,0,0
q16.sql,false,2,2,0,0,0,2,0,0,0,0,0,0,0,0,0,0,0,15,0.0,0.0,0.0,0,0,0,0
q16.sql,false,1358,0,60,1218,80,0,0,0,80,0,0,0,944,0,0,0,0,2398800,0.0,0.0,0.0,0,0,0,0
q14.sql,true,499,137,193,69,100,133,4,0,100,0,0,0,138,0,0,0,0,232993,0.0,0.0,0.0,0,0,0,0
q14.sql,false,282,26,30,95,131,22,4,0,131,0,0,0,135,0,0,0,0,232993,0.0,0.0,0.0,0,0,0,0
q12.sql,true,196,94,5,10,87,91,3,6,67,14,0,0,54,0,0,0,0,93421,0.0,0.0,0.0,0,0,0,0
q12.sql,false,142,36,6,9,91,35,1,10,66,15,0,0,54,0,0,0,0,93421,0.0,0.0,0.0,0,0,0,0
q11.sql,true,80,1,4,36,38,1,0,0,38,0,0,0,24,0,0,0,0,99600,0.0,0.0,0.0,0,0,0,0
q11.sql,true,60,2,7,44,7,2,0,0,38,0,0,0,144,0,0,0,0,99600,0.0,0.0,0.0,0,0,0,0
q11.sql,false,51,2,4,14,31,2,0,0,31,0,0,0,26,0,0,0,0,99600,0.0,0.0,0.0,0,0,0,0
q11.sql,false,29,2,5,17,5,2,0,0,31,0,0,0,41,0,0,0,0,99600,0.0,0.0,0.0,0,0,0,0
q10.sql,true,305,110,25,47,123,80,30,0,0,0,0,0,303,0,0,0,0,337586,0.0,0.0,0.0,0,0,0,0
q10.sql,false,301,89,41,57,114,62,27,0,0,0,0,0,351,0,0,0,0,337586,0.0,0.0,0.0,0,0,0,0
q09.sql,false,496,8,284,193,11,5,3,0,0,0,0,0,3144,0,0,0,0,980117,0.0,0.0,0.0,0,0,0,0
q08.sql,true,68,29,16,2,21,11,18,0,21,0,0,0,250,0,0,0,0,7167,0.0,0.0,0.0,0,0,0,0
q08.sql,true,12,0,0,0,12,0,0,6,2,4,0,0,0,0,0,0,0,7167,0.0,0.0,0.0,0,0,0,0
q08.sql,false,67,28,22,12,5,10,18,0,5,0,0,0,309,0,0,0,0,7167,0.0,0.0,0.0,0,0,0,0
q08.sql,false,10,0,0,0,10,0,0,5,3,2,0,0,0,0,0,0,0,7167,0.0,0.0,0.0,0,0,0,0
q07.sql,true,279,134,127,3,15,67,67,0,15,0,0,0,1166,0,0,0,0,17664,0.0,0.0,0.0,0,0,0,0
q07.sql,true,2,0,0,0,2,0,0,0,15,0,0,0,0,0,0,0,0,17664,0.0,0.0,0.0,0,0,0,0
q07.sql,false,235,129,86,5,15,53,76,0,15,0,0,0,793,0,0,0,0,17664,0.0,0.0,0.0,0,0,0,0
q07.sql,false,1,0,0,0,1,0,0,0,15,0,0,0,0,0,0,0,0,17664,0.0,0.0,0.0,0,0,0,0
q06.sql,true,67,21,0,0,46,21,0,0,46,0,0,0,0,0,0,0,0,343014,0.0,0.0,0.0,0,0,0,0
q06.sql,false,71,21,0,0,50,21,0,0,50,0,0,0,0,0,0,0,0,343014,0.0,0.0,0.0,0,0,0,0
q05.sql,true,416,52,359,4,1,42,10,0,0,0,0,0,3459,0,0,0,0,22221,0.0,0.0,0.0,0,0,0,0
q05.sql,false,430,34,390,5,1,24,10,0,0,0,0,0,3493,0,0,0,0,22221,0.0,0.0,0.0,0,0,0,0
q04.sql,true,114,21,77,15,1,20,1,0,0,0,0,0,96,0,0,0,0,157991,0.0,0.0,0.0,0,0,0,0
q04.sql,false,37,3,18,13,1,3,0,0,0,0,0,0,109,0,0,0,0,157991,0.0,0.0,0.0,0,0,0,0
q03.sql,true,243,158,44,16,25,94,64,0,0,0,0,0,277,0,0,0,0,89744,0.0,0.0,0.0,0,0,0,0
q03.sql,false,251,172,44,10,25,108,64,0,0,0,0,0,279,0,0,0,0,89744,0.0,0.0,0.0,0,0,0,0
q02.sql,true,141,1,42,84,14,1,0,0,0,0,0,0,182,0,0,0,0,485360,0.0,0.0,0.0,0,0,0,0
q02.sql,true,96,45,49,1,1,4,41,0,0,0,1,0,29,0,0,0,0,1432,0.0,0.0,0.0,0,0,0,0
q02.sql,false,148,0,83,51,14,0,0,0,0,0,0,0,153,0,0,0,0,485360,0.0,0.0,0.0,0,0,0,0
q02.sql,false,54,49,3,1,1,2,47,0,0,0,1,0,43,0,0,0,0,1432,0.0,0.0,0.0,0,0,0,0
q01.sql,true,294,180,0,0,113,180,0,0,0,0,0,0,0,0,0,0,0,17838418,0.0,0.0,0.0,0,0,0,0
q01.sql,false,317,202,0,0,114,202,0,0,0,0,0,0,0,0,0,0,0,17838418,0.0,0.0,0.0,0,0,0,0
