Query,IsWarmup,Millis,PreMillis,JoinMillis,MatMillis,PostMillis,FilterMillis,IndexMillis,GroupByMillis,AggregateMillis,HavingMillis,OrderMillis,Tuples,Samples,Lookups,NrIndexEntries,nrUniqueLookups,NrPlans,JoinCard,AvgReward,MaxReward,TotalWork,DataSize,UctSize,StateSize,JoinSize
q21.sql,true,7935,1333,543,43,9,131,1202,0,0,0,0,0,447,0,0,0,0,11787,0.0,0.0,0.0,0,0,0,0
q21.sql,false,591,483,100,5,3,116,367,0,0,0,0,0,422,0,0,0,0,11787,0.0,0.0,0.0,0,0,0,0
q20.sql,true,4,4,0,0,0,4,0,0,0,0,0,0,0,0,0,0,0,6549,0.0,0.0,0.0,0,0,0,0
q20.sql,true,159,53,0,0,106,53,0,0,0,0,0,0,0,0,0,0,0,2733944,0.0,0.0,0.0,0,0,0,0
q20.sql,true,636,349,282,5,0,0,349,0,0,0,0,0,1017,0,0,0,0,17821,0.0,0.0,0.0,0,0,0,0
q20.sql,true,7,3,1,2,1,1,2,0,0,0,1,0,11,0,0,0,0,553,0.0,0.0,0.0,0,0,0,0
q20.sql,false,4,4,0,0,0,4,0,0,0,0,0,0,0,0,0,0,0,6549,0.0,0.0,0.0,0,0,0,0
q20.sql,false,139,37,0,0,102,37,0,0,0,0,0,0,0,0,0,0,0,2733944,0.0,0.0,0.0,0,0,0,0
q20.sql,false,413,330,78,5,0,0,330,0,0,0,0,0,1223,0,0,0,0,17821,0.0,0.0,0.0,0,0,0,0
q20.sql,false,5,2,1,1,0,1,1,0,0,0,0,0,1,0,0,0,0,553,0.0,0.0,0.0,0,0,0,0
q19.sql,true,1137,914,201,1,20,119,795,0,20,0,0,0,347,0,0,0,0,328,0.0,0.0,0.0,0,0,0,0
q19.sql,false,601,574,24,2,1,113,461,0,1,0,0,0,347,0,0,0,0,328,0.0,0.0,0.0,0,0,0,0
q18.sql,true,132,0,0,0,132,0,0,0,0,0,0,0,0,0,0,0,0,17996609,0.0,0.0,0.0,0,0,0,0
q18.sql,true,69,0,62,1,6,0,0,0,0,0,0,0,2039,0,0,0,0,196,0.0,0.0,0.0,0,0,0,0
q18.sql,false,130,0,0,0,130,0,0,0,0,0,0,0,0,0,0,0,0,17996609,0.0,0.0,0.0,0,0,0,0
q18.sql,false,50,0,46,1,3,0,0,0,0,0,0,0,2030,0,0,0,0,196,0.0,0.0,0.0,0,0,0,0
q17.sql,true,173,0,0,0,173,0,0,0,173,0,0,0,0,0,0,0,0,17996609,0.0,0.0,0.0,0,0,0,0
q17.sql,true,78,65,9,3,1,2,63,0,1,0,0,0,8,0,0,0,0,1578,0.0,0.0,0.0,0,0,0,0
q17.sql,false,28,0,0,0,28,0,0,0,28,0,0,0,0,0,0,0,0,17996609,0.0,0.0,0.0,0,0,0,0
q17.sql,false,72,66,2,3,1,4,62,0,1,0,0,0,15,0,0,0,0,1578,0.0,0.0,0.0,0,0,0,0
q16.sql,true,3,2,0,0,0,2,0,0,0,0,0,0,0,0,0,0,0,15,0.0,0.0,0.0,0,0,0,0
q16.sql,true,1265,0,273,619,373,0,0,0,373,0,0,0,943,0,0,0,0,2398800,0.0,0.0,0.0,0,0,0,0
q16.sql,false,2,2,0,0,0,2,0,0,0,0,0,0,0,0,0,0,0,15,0.0,0.0,0.0,0,0,0,0
q16.sql,false,1206,0,62,245,899,0,0,0,899,0,0,0,945,0,0,0,0,2398800,0.0,0.0,0.0,0,0,0,0
q14.sql,true,596,135,113,234,114,129,6,0,114,0,0,0,129,0,0,0,0,232993,0.0,0.0,0.0,0,0,0,0
q14.sql,false,349,102,33,73,141,96,6,0,141,0,0,0,132,0,0,0,0,232993,0.0,0.0,0.0,0,0,0,0
q12.sql,true,153,54,9,10,80,53,1,6,63,11,0,0,57,0,0,0,0,93421,0.0,0.0,0.0,0,0,0,0
q12.sql,false,130,28,8,11,83,27,1,7,71,5,0,0,54,0,0,0,0,93421,0.0,0.0,0.0,0,0,0,0
q11.sql,true,70,1,9,30,30,1,0,0,30,0,0,0,24,0,0,0,0,99600,0.0,0.0,0.0,0,0,0,0
q11.sql,true,58,1,11,42,4,1,0,0,30,0,0,0,27,0,0,0,0,99600,0.0,0.0,0.0,0,0,0,0
q11.sql,false,60,1,6,24,29,1,0,0,29,0,0,0,27,0,0,0,0,99600,0.0,0.0,0.0,0,0,0,0
q11.sql,false,51,1,4,43,3,1,0,0,29,0,0,0,30,0,0,0,0,99600,0.0,0.0,0.0,0,0,0,0
q10.sql,true,332,78,31,38,184,54,24,0,0,0,0,0,324,0,0,0,0,337586,0.0,0.0,0.0,0,0,0,0
q10.sql,false,269,80,32,59,98,55,25,0,0,0,0,0,325,0,0,0,0,337586,0.0,0.0,0.0,0,0,0,0
q09.sql,false,412,8,255,139,10,5,3,0,0,0,0,0,2940,0,0,0,0,980117,0.0,0.0,0.0,0,0,0,0
q08.sql,true,63,27,16,2,18,11,16,0,18,0,0,0,229,0,0,0,0,7167,0.0,0.0,0.0,0,0,0,0
q08.sql,true,7,0,0,0,7,0,0,2,3,2,0,0,0,0,0,0,0,7167,0.0,0.0,0.0,0,0,0,0
q08.sql,false,58,27,18,9,4,10,17,0,4,0,0,0,279,0,0,0,0,7167,0.0,0.0,0.0,0,0,0,0
q08.sql,false,9,0,0,0,8,0,0,4,2,2,0,0,0,0,0,0,0,7167,0.0,0.0,0.0,0,0,0,0
q07.sql,true,230,137,62,13,17,71,66,0,17,0,0,0,554,0,0,0,0,17664,0.0,0.0,0.0,0,0,0,0
q07.sql,true,2,0,0,0,2,0,0,0,17,0,0,0,0,0,0,0,0,17664,0.0,0.0,0.0,0,0,0,0
q07.sql,false,248,131,98,3,16,54,77,0,16,0,0,0,924,0,0,0,0,17664,0.0,0.0,0.0,0,0,0,0
q07.sql,false,1,0,0,0,1,0,0,0,16,0,0,0,0,0,0,0,0,17664,0.0,0.0,0.0,0,0,0,0
q06.sql,true,72,20,0,0,51,20,0,0,51,0,0,0,0,0,0,0,0,343014,0.0,0.0,0.0,0,0,0,0
q06.sql,false,76,22,0,0,54,22,0,0,54,0,0,0,0,0,0,0,0,343014,0.0,0.0,0.0,0,0,0,0
q05.sql,true,290,53,232,3,2,43,10,0,0,0,0,0,2709,0,0,0,0,22221,0.0,0.0,0.0,0,0,0,0
q05.sql,false,255,38,212,4,1,29,9,0,0,0,0,0,2601,0,0,0,0,22221,0.0,0.0,0.0,0,0,0,0
q04.sql,true,75,3,59,11,2,2,1,0,0,0,0,0,80,0,0,0,0,157991,0.0,0.0,0.0,0,0,0,0
q04.sql,false,36,4,10,21,1,3,1,0,0,0,0,0,80,0,0,0,0,157991,0.0,0.0,0.0,0,0,0,0
q03.sql,true,209,153,23,10,23,91,62,0,0,0,0,0,252,0,0,0,0,89744,0.0,0.0,0.0,0,0,0,0
q03.sql,false,199,143,23,11,22,79,64,0,0,0,0,0,253,0,0,0,0,89744,0.0,0.0,0.0,0,0,0,0
q02.sql,true,97,1,27,56,13,1,0,0,0,0,0,0,181,0,0,0,0,485360,0.0,0.0,0.0,0,0,0,0
q02.sql,true,87,46,38,2,1,2,44,0,0,0,1,0,26,0,0,0,0,1432,0.0,0.0,0.0,0,0,0,0
q02.sql,false,144,1,83,49,11,1,0,0,0,0,0,0,126,0,0,0,0,485360,0.0,0.0,0.0,0,0,0,0
q02.sql,false,67,53,13,1,0,2,51,0,0,0,0,0,27,0,0,0,0,1432,0.0,0.0,0.0,0,0,0,0
q01.sql,true,288,178,0,0,110,178,0,0,0,0,0,0,0,0,0,0,0,17838418,0.0,0.0,0.0,0,0,0,0
q01.sql,false,312,204,0,0,108,204,0,0,0,0,0,0,0,0,0,0,0,17838418,0.0,0.0,0.0,0,0,0,0
