Query,IsWarmup,Millis,PreMillis,JoinMillis,MatMillis,PostMillis,FilterMillis,IndexMillis,GroupByMillis,AggregateMillis,HavingMillis,OrderMillis,Tuples,Samples,Lookups,NrIndexEntries,nrUniqueLookups,NrPlans,JoinCard,AvgReward,MaxReward,TotalWork,DataSize,UctSize,StateSize,JoinSize
33c.sql,true,630,520,81,1,1,0,0,0,0,0,0,0,361,0,0,0,0,114,0.008927670707140527,0.24040524433849822,1.0,0,0,0,0
33b.sql,true,159,141,10,0,0,0,0,0,0,0,0,0,57,0,0,0,0,4,0.011555830090941285,0.05088570461469028,1.0,0,0,0,0
33a.sql,true,180,165,9,0,0,0,0,0,0,0,0,0,63,0,0,0,0,8,0.008129592612715121,0.0502619460758142,1.0,0,0,0,0
32b.sql,true,70,22,45,3,1,0,0,0,0,0,0,0,781,0,0,0,0,4388,0.009533130852174769,0.2511924289650579,1.0,0,0,0,0
32a.sql,true,22,20,1,0,0,0,0,0,0,0,0,0,6,0,0,0,0,0,1.6890414192625958E-4,4.3520611838334294E-4,1.0,0,0,0,0
31c.sql,true,420,378,33,3,1,0,0,0,0,0,0,0,523,0,0,0,0,2825,0.007235816960001413,0.15964625516395292,1.0,0,0,0,0
31b.sql,true,904,890,5,0,0,0,0,0,0,0,0,0,72,0,0,0,0,84,0.022654941930580458,0.34648703596674246,1.0,0,0,0,0
31a.sql,true,338,270,64,1,0,0,0,0,0,0,0,0,1234,0,0,0,0,1273,0.0019212576731831427,0.17672080685299965,1.0,0,0,0,0
30c.sql,true,431,297,128,7,2,0,0,0,0,0,0,0,2971,0,0,0,0,8024,0.004082969874542593,0.3311797919098651,1.0,0,0,0,0
30b.sql,true,374,364,5,1,0,0,0,0,0,0,0,0,54,0,0,0,0,28,0.021648915242655775,0.28735632183908044,1.0,0,0,0,0
30a.sql,true,601,548,50,2,0,0,0,0,0,0,0,0,1132,0,0,0,0,757,0.0022713632317590223,0.25078820410722763,1.0,0,0,0,0
29c.sql,true,544,447,90,22,2,0,0,0,0,0,0,0,1318,0,0,0,0,16308,0.01936848212168576,0.34063814597195746,1.0,0,0,0,0
29b.sql,true,326,283,38,1,0,0,0,0,0,0,0,0,350,0,0,0,0,15,0.011052570803336232,0.4083608880491261,1.0,0,0,0,0
29a.sql,true,337,307,25,2,0,0,0,0,0,0,0,0,260,0,0,0,0,1620,0.0520150312290651,0.31945409000296254,1.0,0,0,0,0
28c.sql,true,325,267,53,11,1,0,0,0,0,0,0,0,660,0,0,0,0,8373,0.014784027431633135,0.17155558317371458,1.0,0,0,0,0
28b.sql,true,387,344,38,0,0,0,0,0,0,0,0,0,406,0,0,0,0,148,0.0046245031758357265,0.3335646264190408,1.0,0,0,0,0
28a.sql,true,522,475,43,3,0,0,0,0,0,0,0,0,549,0,0,0,0,4803,0.012110925109532319,0.3333471334288973,1.0,0,0,0,0
27c.sql,true,338,315,19,1,0,0,0,0,0,0,0,0,249,0,0,0,0,743,0.037195648889617294,0.3500040887532028,1.0,0,0,0,0
27b.sql,true,263,253,7,0,0,0,0,0,0,0,0,0,76,0,0,0,0,247,0.02553693799834594,0.1430000000000662,1.0,0,0,0,0
27a.sql,true,278,264,10,0,1,0,0,0,0,0,0,0,123,0,0,0,0,477,0.01931383732932272,0.125731424995909,1.0,0,0,0,0
26c.sql,true,454,297,154,1,0,0,0,0,0,0,0,0,2136,0,0,0,0,5400,0.003375537174448448,0.30275939524661066,1.0,0,0,0,0
26b.sql,true,249,210,36,0,0,0,0,0,0,0,0,0,716,0,0,0,0,93,0.004527790882718952,0.301760180731642,1.0,0,0,0,0
26a.sql,true,301,199,99,0,0,0,0,0,0,0,0,0,1556,0,0,0,0,1728,0.002429491638597848,0.3439353350098909,1.0,0,0,0,0
25c.sql,true,504,401,100,5,1,0,0,0,0,0,0,0,1625,0,0,0,0,26153,0.0165762825696247,0.04654332398844165,1.0,0,0,0,0
25b.sql,true,255,251,1,0,0,0,0,0,0,0,0,0,8,0,0,0,0,6,0.0012723664018365341,0.004236151930253261,1.0,0,0,0,0
25a.sql,true,344,297,45,1,0,0,0,0,0,0,0,0,660,0,0,0,0,4407,0.007801040511184185,0.020900202089035362,1.0,0,0,0,0
24b.sql,true,262,256,2,0,0,0,0,0,0,0,0,0,26,0,0,0,0,45,0.05931485488939207,0.39778290316235837,1.0,0,0,0,0
24a.sql,true,323,312,8,0,0,0,0,0,0,0,0,0,102,0,0,0,0,275,0.011708132447679702,0.34063046244040396,1.0,0,0,0,0
23c.sql,true,268,262,4,0,0,0,0,0,0,0,0,0,72,0,0,0,0,628,0.05068239977387142,0.3412116167956459,1.0,0,0,0,0
23b.sql,true,229,224,3,0,0,0,0,0,0,0,0,0,40,0,0,0,0,16,0.03978013470644918,0.30361180605068283,1.0,0,0,0,0
23a.sql,true,282,275,4,0,0,0,0,0,0,0,0,0,64,0,0,0,0,618,0.05178755936978285,0.3963210702341137,1.0,0,0,0,0
22d.sql,true,690,292,395,12,0,0,0,0,0,0,0,0,9658,0,0,0,0,46281,0.007412103911400198,0.1520183460089517,1.0,0,0,0,0
22c.sql,true,375,319,52,4,0,0,0,0,0,0,0,0,895,0,0,0,0,21489,0.02580891708300418,0.15345564236588266,1.0,0,0,0,0
22b.sql,true,252,223,27,0,0,0,0,0,0,0,0,0,339,0,0,0,0,31,0.0024848614526530913,0.15111161938155415,1.0,0,0,0,0
22a.sql,true,313,277,33,0,0,0,0,0,0,0,0,0,476,0,0,0,0,2851,0.007782536552649214,0.15307960066716622,1.0,0,0,0,0
21c.sql,true,433,422,9,0,0,0,0,0,0,0,0,0,123,0,0,0,0,1874,0.028144006749211203,0.23500280322982553,1.0,0,0,0,0
21b.sql,true,750,746,2,0,0,0,0,0,0,0,0,0,35,0,0,0,0,38,0.019849591683374777,0.08259206846591867,1.0,0,0,0,0
21a.sql,true,372,363,7,1,0,0,0,0,0,0,0,0,132,0,0,0,0,1410,0.033524239537062336,0.22800044898216215,1.0,0,0,0,0
20c.sql,true,465,262,200,1,0,0,0,0,0,0,0,0,4093,0,0,0,0,5406,0.002499248920353086,0.3696639463842662,1.0,0,0,0,0
20b.sql,true,824,818,4,0,0,0,0,0,0,0,0,0,55,0,0,0,0,17,0.013395986654792372,0.3036470258926479,1.0,0,0,0,0
20a.sql,true,663,653,7,0,0,0,0,0,0,0,0,0,122,0,0,0,0,33,0.009502665589287113,0.29743199507032914,1.0,0,0,0,0
19d.sql,true,2541,295,2230,774,14,0,0,0,0,0,0,0,48503,0,0,0,0,1760645,0.03681804584148767,0.415,1.0,0,0,0,0
19c.sql,true,797,772,23,1,0,0,0,0,0,0,0,0,628,0,0,0,0,3575,0.010711535711275543,0.3737864077669903,1.0,0,0,0,0
19b.sql,true,453,450,1,0,0,0,0,0,0,0,0,0,9,0,0,0,0,15,0.040371024843830025,0.34395210621388805,1.0,0,0,0,0
19a.sql,true,286,279,5,0,0,0,0,0,0,0,0,0,81,0,0,0,0,184,0.025593726115531894,0.34058989169153525,1.0,0,0,0,0
18c.sql,true,441,325,114,8,0,0,0,0,0,0,0,0,2542,0,0,0,0,28073,0.012393575530565668,0.24072199068706768,1.0,0,0,0,0
18b.sql,true,328,320,7,1,0,0,0,0,0,0,0,0,108,0,0,0,0,11,0.018608431651126578,0.30581867388362655,1.0,0,0,0,0
18a.sql,true,402,377,23,0,0,0,0,0,0,0,0,0,543,0,0,0,0,410,0.006269810994135526,0.29437561236943854,1.0,0,0,0,0
17f.sql,true,1762,99,1657,367,5,0,0,0,0,0,0,0,28411,0,0,0,0,1113120,0.03926022954914781,0.22352977786020245,1.0,0,0,0,0
17e.sql,true,2287,53,2223,1049,11,0,0,0,0,0,0,0,24545,0,0,0,0,2832555,0.11541120133074176,0.3237134524332867,1.0,0,0,0,0
17d.sql,true,2231,54,2176,3,0,0,0,0,0,0,0,0,55406,0,0,0,0,11538,2.9689976568105664E-4,0.37192093675443066,1.0,0,0,0,0
17c.sql,true,86,58,27,1,0,0,0,0,0,0,0,0,584,0,0,0,0,1918,0.006494528653767884,0.13557894736842105,1.0,0,0,0,0
17b.sql,true,2740,42,2697,12,1,0,0,0,0,0,0,0,105942,0,0,0,0,52306,5.306421107893115E-4,0.2196487936334531,1.0,0,0,0,0
17a.sql,true,1081,83,995,47,2,0,0,0,0,0,0,0,24169,0,0,0,0,258289,0.010883145314386887,0.43724696356275305,1.0,0,0,0,0
16d.sql,true,356,115,238,56,2,0,0,0,0,0,0,0,4792,0,0,0,0,249455,0.052711788900466475,0.26244801985587074,1.0,0,0,0,0
16c.sql,true,451,113,334,74,3,0,0,0,0,0,0,0,7339,0,0,0,0,319932,0.044212662288067826,0.3914976266489213,1.0,0,0,0,0
16b.sql,true,6547,55,6463,1949,28,0,0,0,0,0,0,0,131993,0,0,0,0,3710592,0.028105250456378322,0.5132984485610403,1.0,0,0,0,0
16a.sql,true,73,50,22,0,0,0,0,0,0,0,0,0,395,0,0,0,0,385,0.008179271907286735,0.34457478005865105,1.0,0,0,0,0
15d.sql,true,208,188,17,1,0,0,0,0,0,0,0,0,298,0,0,0,0,11347,0.04836354258122363,0.22,1.0,0,0,0,0
15c.sql,true,307,302,3,0,0,0,0,0,0,0,0,0,51,0,0,0,0,2271,0.07616810827812953,0.49979618942484516,1.0,0,0,0,0
15b.sql,true,164,159,3,0,0,0,0,0,0,0,0,0,30,0,0,0,0,37,0.044476184439216686,0.36185483870967744,1.0,0,0,0,0
15a.sql,true,223,219,3,0,0,0,0,0,0,0,0,0,37,0,0,0,0,328,0.0578147460127744,0.4988843583039499,1.0,0,0,0,0
14c.sql,true,345,309,33,1,0,0,0,0,0,0,0,0,482,0,0,0,0,4115,0.01017996838917543,0.1564565729090148,1.0,0,0,0,0
14b.sql,true,351,348,1,0,0,0,0,0,0,0,0,0,10,0,0,0,0,1,0.059972079838670936,0.45922454308093996,1.0,0,0,0,0
14a.sql,true,294,270,20,0,1,0,0,0,0,0,0,0,290,0,0,0,0,761,0.006172061076128391,0.31085440034113543,1.0,0,0,0,0
13d.sql,true,1285,37,1239,168,8,0,0,0,0,0,0,0,28844,0,0,0,0,670390,0.023465743499692607,0.34235453315290937,1.0,0,0,0,0
13c.sql,true,90,86,2,1,0,0,0,0,0,0,0,0,25,0,0,0,0,53,0.0842464317485688,0.36194600500388174,1.0,0,0,0,0
13b.sql,true,80,76,3,0,0,0,0,0,0,0,0,0,47,0,0,0,0,372,0.051162745332989666,0.31082725500923575,1.0,0,0,0,0
13a.sql,true,207,32,172,24,1,0,0,0,0,0,0,0,3130,0,0,0,0,111101,0.036750562998482186,0.28584737065715504,1.0,0,0,0,0
12c.sql,true,289,167,120,2,0,0,0,0,0,0,0,0,3058,0,0,0,0,4711,0.002880755629541855,0.28779241518835036,1.0,0,0,0,0
12b.sql,true,105,103,1,0,0,0,0,0,0,0,0,0,14,0,0,0,0,10,0.11750537313541941,0.4999968037739955,1.0,0,0,0,0
12a.sql,true,82,72,9,0,0,0,0,0,0,0,0,0,126,0,0,0,0,397,0.020436361752793637,0.24420114888722358,1.0,0,0,0,0
11d.sql,true,378,344,33,2,0,0,0,0,0,0,0,0,701,0,0,0,0,14899,0.024217091831058656,0.164,1.0,0,0,0,0
11c.sql,true,409,319,88,2,0,0,0,0,0,0,0,0,4263,0,0,0,0,6946,0.0042895870907626345,0.4177377662207445,1.0,0,0,0,0
11b.sql,true,245,243,1,0,0,0,0,0,0,0,0,0,5,0,0,0,0,14,0.01637197465584945,0.05068240532433653,1.0,0,0,0,0
11a.sql,true,492,487,4,1,0,0,0,0,0,0,0,0,86,0,0,0,0,310,0.01061006193942686,0.11575549220191178,1.0,0,0,0,0
10c.sql,true,541,292,247,1,0,0,0,0,0,0,0,0,13338,0,0,0,0,10,3.69872918121521E-4,0.3676470588235294,1.0,0,0,0,0
10b.sql,true,310,308,1,0,0,0,0,0,0,0,0,0,8,0,0,0,0,0,4.98354351234249E-4,0.0034812639658812795,1.0,0,0,0,0
10a.sql,true,214,204,9,0,0,0,0,0,0,0,0,0,166,0,0,0,0,104,0.010212427588880286,0.3477270271554524,1.0,0,0,0,0
09d.sql,true,1017,221,788,141,7,0,0,0,0,0,0,0,20444,0,0,0,0,483082,0.023828531892369685,0.38580246913580246,1.0,0,0,0,0
09c.sql,true,206,180,24,1,0,0,0,0,0,0,0,0,481,0,0,0,0,8144,0.023249713898527025,0.3406129105472156,1.0,0,0,0,0
09b.sql,true,318,314,2,0,0,0,0,0,0,0,0,0,42,0,0,0,0,40,0.04587585890104663,0.3438371925182776,1.0,0,0,0,0
09a.sql,true,333,329,3,0,0,0,0,0,0,0,0,0,56,0,0,0,0,121,0.039201104694982315,0.34075560791944975,1.0,0,0,0,0
08d.sql,true,431,36,391,73,3,0,0,0,0,0,0,0,9875,0,0,0,0,323005,0.03270515217429406,0.4026027646134249,1.0,0,0,0,0
08c.sql,true,6860,38,6803,1249,19,0,0,0,0,0,0,0,123073,0,0,0,0,2487611,0.02021776474629364,0.41100000000132375,1.0,0,0,0,0
08b.sql,true,343,341,1,1,0,0,0,0,0,0,0,0,7,0,0,0,0,6,0.0019226009645204652,0.005977715078188514,1.0,0,0,0,0
08a.sql,true,157,152,4,0,0,0,0,0,0,0,0,0,105,0,0,0,0,62,0.02492795710313836,0.3472222222222222,1.0,0,0,0,0
07c.sql,true,1079,764,312,10,1,0,0,0,0,0,0,0,10573,0,0,0,0,68185,0.006879024910774971,0.33433734939759036,1.0,0,0,0,0
07b.sql,true,369,367,1,0,0,0,0,0,0,0,0,0,22,0,0,0,0,16,0.023574662271041113,0.3267128725946407,1.0,0,0,0,0
07a.sql,true,322,319,2,0,0,0,0,0,0,0,0,0,46,0,0,0,0,32,0.012910335921600959,0.19803750562665143,1.0,0,0,0,0
06f.sql,true,932,158,763,237,10,0,0,0,0,0,0,0,6590,0,0,0,0,785477,0.11912011221867545,0.16100000000000333,1.0,0,0,0,0
06e.sql,true,171,169,2,0,0,0,0,0,0,0,0,0,24,0,0,0,0,6,0.05023554109637893,0.2906064584181097,1.0,0,0,0,0
06d.sql,true,185,174,10,0,0,0,0,0,0,0,0,0,136,0,0,0,0,88,0.0037490476894513868,0.25399729418630795,1.0,0,0,0,0
06c.sql,true,40,38,1,0,0,0,0,0,0,0,0,0,9,0,0,0,0,2,0.06804984347497255,0.27342143430536753,1.0,0,0,0,0
06b.sql,true,183,181,1,0,0,0,0,0,0,0,0,0,17,0,0,0,0,12,0.029383052066472355,0.26199823419272783,1.0,0,0,0,0
06a.sql,true,77,74,2,1,0,0,0,0,0,0,0,0,20,0,0,0,0,6,0.04765993798991754,0.29060648668940414,1.0,0,0,0,0
05c.sql,true,375,371,2,0,0,0,0,0,0,0,0,0,20,0,0,0,0,669,0.11063466669463673,0.5398216075134463,1.0,0,0,0,0
05b.sql,true,185,184,0,0,1,0,0,0,0,0,0,0,4,0,0,0,0,0,0.014065553192893966,0.031082568513510538,1.0,0,0,0,0
05a.sql,true,214,212,0,0,1,0,0,0,0,0,0,0,1,0,0,0,0,0,0.0,-Infinity,1.0,0,0,0,0
04c.sql,true,280,267,12,0,0,0,0,0,0,0,0,0,190,0,0,0,0,4700,0.027421613292789387,0.2068526844357156,1.0,0,0,0,0
04b.sql,true,83,81,1,0,0,0,0,0,0,0,0,0,19,0,0,0,0,6,0.026569763757757242,0.15188324890078536,1.0,0,0,0,0
04a.sql,true,173,166,7,0,0,0,0,0,0,0,0,0,113,0,0,0,0,740,0.012189437527200739,0.26060159991662496,1.0,0,0,0,0
03c.sql,true,365,354,10,1,0,0,0,0,0,0,0,0,152,0,0,0,0,7250,0.05264014435694076,0.43210048217239244,1.0,0,0,0,0
03b.sql,true,79,77,1,0,0,0,0,0,0,0,0,0,24,0,0,0,0,5,0.05143538953483159,0.33927045815743706,1.0,0,0,0,0
03a.sql,true,124,116,7,0,0,0,0,0,0,0,0,0,98,0,0,0,0,206,0.007443090780387385,0.17508241349152667,1.0,0,0,0,0
02d.sql,true,139,56,82,7,1,0,0,0,0,0,0,0,1369,0,0,0,0,68316,0.05212405308734934,0.37241113816189897,1.0,0,0,0,0
02c.sql,true,48,46,1,0,0,0,0,0,0,0,0,0,6,0,0,0,0,0,1.3290208369379341E-4,6.662348886919117E-4,1.0,0,0,0,0
02b.sql,true,99,43,55,1,0,0,0,0,0,0,0,0,1054,0,0,0,0,5228,0.008152908964383579,0.3913249156732168,1.0,0,0,0,0
02a.sql,true,122,50,72,1,0,0,0,0,0,0,0,0,1539,0,0,0,0,7834,0.007184457242241784,0.39588629203776354,1.0,0,0,0,0
01d.sql,true,244,242,1,0,0,0,0,0,0,0,0,0,5,0,0,0,0,4,0.08950984345562552,0.4473310659863906,1.0,0,0,0,0
01c.sql,true,123,123,0,0,0,0,0,0,0,0,0,0,7,0,0,0,0,3,0.07304559155429437,0.5029891291034917,1.0,0,0,0,0
01b.sql,true,206,205,0,0,0,0,0,0,0,0,0,0,3,0,0,0,0,3,0.14922259499801754,0.4473340612959062,1.0,0,0,0,0
01a.sql,true,107,105,0,0,1,0,0,0,0,0,0,0,8,0,0,0,0,142,0.12024666631456377,0.56094347563945,1.0,0,0,0,0
