Query,IsWarmup,Millis,PreMillis,JoinMillis,MatMillis,PostMillis,FilterMillis,IndexMillis,GroupByMillis,AggregateMillis,HavingMillis,OrderMillis,Tuples,Samples,Lookups,NrIndexEntries,nrUniqueLookups,NrPlans,JoinCard,AvgReward,MaxReward,TotalWork,DataSize,UctSize,StateSize,JoinSize
33c.sql,true,7478,389,91,31,1,52,337,0,0,0,0,0,46,0,0,0,0,114,0.0,0.0,0.0,0,0,0,0
33c.sql,false,179,123,49,6,1,35,88,0,1,0,0,0,64,0,0,0,0,114,0.0,0.0,0.0,0,0,0,0
33b.sql,true,121,75,32,14,0,46,29,0,0,0,0,0,24,0,0,0,0,4,0.0,0.0,0.0,0,0,0,0
33b.sql,false,79,45,20,14,0,16,29,0,0,0,0,0,25,0,0,0,0,4,0.0,0.0,0.0,0,0,0,0
33a.sql,true,81,67,13,1,0,29,38,0,0,0,0,0,30,0,0,0,0,8,0.0,0.0,0.0,0,0,0,0
33a.sql,false,72,65,6,1,0,28,37,0,0,0,0,0,41,0,0,0,0,8,0.0,0.0,0.0,0,0,0,0
32b.sql,true,157,0,151,4,1,0,0,0,1,0,0,0,321,0,0,0,0,4388,0.0,0.0,0.0,0,0,0,0
32b.sql,false,33,0,28,4,1,0,0,0,1,0,0,0,287,0,0,0,0,4388,0.0,0.0,0.0,0,0,0,0
32a.sql,true,1,0,1,0,0,0,0,0,0,0,0,0,1,0,0,0,0,0,0.0,0.0,0.0,0,0,0,0
32a.sql,false,1,1,0,0,0,1,0,0,0,0,0,0,1,0,0,0,0,0,0.0,0.0,0.0,0,0,0,0
31c.sql,true,351,332,17,1,1,245,87,0,1,0,0,0,438,0,0,0,0,2825,0.0,0.0,0.0,0,0,0,0
31c.sql,false,175,122,38,14,1,37,85,0,1,0,0,0,381,0,0,0,0,2825,0.0,0.0,0.0,0,0,0,0
31b.sql,true,249,246,2,1,0,147,99,0,0,0,0,0,18,0,0,0,0,84,0.0,0.0,0.0,0,0,0,0
31b.sql,false,232,228,3,0,0,140,88,0,0,0,0,0,35,0,0,0,0,84,0.0,0.0,0.0,0,0,0,0
31a.sql,true,144,133,9,2,0,47,86,0,0,0,0,0,180,0,0,0,0,1273,0.0,0.0,0.0,0,0,0,0
31a.sql,false,145,133,9,1,1,47,86,0,1,0,0,0,190,0,0,0,0,1273,0.0,0.0,0.0,0,0,0,0
30c.sql,true,210,133,71,5,1,44,89,0,1,0,0,0,1898,0,0,0,0,8024,0.0,0.0,0.0,0,0,0,0
30c.sql,false,261,134,108,18,0,44,90,0,0,0,0,0,474,0,0,0,0,8024,0.0,0.0,0.0,0,0,0,0
30b.sql,true,187,183,3,0,0,98,85,0,0,0,0,0,18,0,0,0,0,28,0.0,0.0,0.0,0,0,0,0
30b.sql,false,187,183,4,0,0,98,85,0,0,0,0,0,37,0,0,0,0,28,0.0,0.0,0.0,0,0,0,0
30a.sql,true,197,148,49,0,0,59,89,0,0,0,0,0,721,0,0,0,0,757,0.0,0.0,0.0,0,0,0,0
30a.sql,false,693,149,532,12,0,59,90,0,0,0,0,0,781,0,0,0,0,757,0.0,0.0,0.0,0,0,0,0
29c.sql,true,1502,1350,140,11,1,1199,151,0,1,0,0,0,3087,0,0,0,0,16308,0.0,0.0,0.0,0,0,0,0
29c.sql,false,1132,1075,47,10,0,985,90,0,0,0,0,0,1343,0,0,0,0,16308,0.0,0.0,0.0,0,0,0,0
29b.sql,true,570,566,4,0,0,481,85,0,0,0,0,0,19,0,0,0,0,15,0.0,0.0,0.0,0,0,0,0
29b.sql,false,526,522,3,0,1,438,84,0,1,0,0,0,17,0,0,0,0,15,0.0,0.0,0.0,0,0,0,0
29a.sql,true,865,859,5,1,0,771,88,0,0,0,0,0,30,0,0,0,0,1620,0.0,0.0,0.0,0,0,0,0
29a.sql,false,1064,1059,3,1,0,971,88,0,0,0,0,0,37,0,0,0,0,1620,0.0,0.0,0.0,0,0,0,0
28c.sql,true,238,193,40,5,0,96,97,0,0,0,0,0,667,0,0,0,0,8373,0.0,0.0,0.0,0,0,0,0
28c.sql,false,290,195,87,8,0,94,101,0,0,0,0,0,1959,0,0,0,0,8373,0.0,0.0,0.0,0,0,0,0
28b.sql,true,172,140,31,1,0,90,50,0,0,0,0,0,460,0,0,0,0,148,0.0,0.0,0.0,0,0,0,0
28b.sql,false,175,138,36,0,1,90,48,0,1,0,0,0,1028,0,0,0,0,148,0.0,0.0,0.0,0,0,0,0
28a.sql,true,259,201,55,3,0,99,102,0,0,0,0,0,1100,0,0,0,0,4803,0.0,0.0,0.0,0,0,0,0
28a.sql,false,244,197,44,3,0,97,100,0,0,0,0,0,934,0,0,0,0,4803,0.0,0.0,0.0,0,0,0,0
27c.sql,true,184,173,11,0,0,42,131,0,0,0,0,0,129,0,0,0,0,743,0.0,0.0,0.0,0,0,0,0
27c.sql,false,184,174,10,0,0,43,131,0,0,0,0,0,109,0,0,0,0,743,0.0,0.0,0.0,0,0,0,0
27b.sql,true,122,119,2,1,0,25,94,0,0,0,0,0,32,0,0,0,0,247,0.0,0.0,0.0,0,0,0,0
27b.sql,false,122,119,3,0,0,22,97,0,0,0,0,0,32,0,0,0,0,247,0.0,0.0,0.0,0,0,0,0
27a.sql,true,132,129,3,0,0,35,94,0,0,0,0,0,43,0,0,0,0,477,0.0,0.0,0.0,0,0,0,0
27a.sql,false,136,132,4,0,0,33,99,0,0,0,0,0,82,0,0,0,0,477,0.0,0.0,0.0,0,0,0,0
26c.sql,true,315,148,161,6,0,135,13,0,0,0,0,0,1031,0,0,0,0,5400,0.0,0.0,0.0,0,0,0,0
26c.sql,false,497,121,371,4,1,113,8,0,1,0,0,0,8288,0,0,0,0,5400,0.0,0.0,0.0,0,0,0,0
26b.sql,true,160,141,17,1,0,130,11,0,0,0,0,0,230,0,0,0,0,93,0.0,0.0,0.0,0,0,0,0
26b.sql,false,143,125,17,1,0,111,14,0,0,0,0,0,207,0,0,0,0,93,0.0,0.0,0.0,0,0,0,0
26a.sql,true,282,156,124,2,0,135,21,0,0,0,0,0,2175,0,0,0,0,1728,0.0,0.0,0.0,0,0,0,0
26a.sql,false,203,158,45,0,0,139,19,0,0,0,0,0,586,0,0,0,0,1728,0.0,0.0,0.0,0,0,0,0
25c.sql,true,172,89,61,21,1,14,75,0,1,0,0,0,895,0,0,0,0,26153,0.0,0.0,0.0,0,0,0,0
25c.sql,false,168,90,66,11,1,15,75,0,1,0,0,0,866,0,0,0,0,26153,0.0,0.0,0.0,0,0,0,0
25b.sql,true,107,99,1,7,0,31,68,0,0,0,0,0,1,0,0,0,0,6,0.0,0.0,0.0,0,0,0,0
25b.sql,false,107,100,1,6,0,31,69,0,0,0,0,0,1,0,0,0,0,6,0.0,0.0,0.0,0,0,0,0
25a.sql,true,127,83,42,2,0,13,70,0,0,0,0,0,454,0,0,0,0,4407,0.0,0.0,0.0,0,0,0,0
25a.sql,false,125,81,42,2,0,13,68,0,0,0,0,0,448,0,0,0,0,4407,0.0,0.0,0.0,0,0,0,0
24b.sql,true,935,928,2,5,0,847,81,0,0,0,0,0,1,0,0,0,0,45,0.0,0.0,0.0,0,0,0,0
24b.sql,false,1087,1079,1,6,1,998,81,0,1,0,0,0,1,0,0,0,0,45,0.0,0.0,0.0,0,0,0,0
24a.sql,true,1100,1089,10,1,0,992,97,0,0,0,0,0,159,0,0,0,0,275,0.0,0.0,0.0,0,0,0,0
24a.sql,false,1145,1083,53,9,0,985,98,0,0,0,0,0,1667,0,0,0,0,275,0.0,0.0,0.0,0,0,0,0
23c.sql,true,118,115,3,0,0,97,18,0,0,0,0,0,22,0,0,0,0,628,0.0,0.0,0.0,0,0,0,0
23c.sql,false,122,118,3,0,0,100,18,0,0,0,0,0,34,0,0,0,0,628,0.0,0.0,0.0,0,0,0,0
23b.sql,true,102,99,2,1,0,78,21,0,0,0,0,0,29,0,0,0,0,16,0.0,0.0,0.0,0,0,0,0
23b.sql,false,102,99,2,0,0,81,18,0,0,0,0,0,23,0,0,0,0,16,0.0,0.0,0.0,0,0,0,0
23a.sql,true,117,114,3,0,0,103,11,0,0,0,0,0,33,0,0,0,0,618,0.0,0.0,0.0,0,0,0,0
23a.sql,false,123,117,4,1,0,99,18,0,0,0,0,0,62,0,0,0,0,618,0.0,0.0,0.0,0,0,0,0
22d.sql,true,172,119,42,10,1,30,89,0,1,0,0,0,700,0,0,0,0,46281,0.0,0.0,0.0,0,0,0,0
22d.sql,false,201,108,84,8,1,30,78,0,1,0,0,0,1959,0,0,0,0,46281,0.0,0.0,0.0,0,0,0,0
22c.sql,true,250,213,31,5,1,109,104,0,1,0,0,0,490,0,0,0,0,21489,0.0,0.0,0.0,0,0,0,0
22c.sql,false,244,197,41,6,0,98,99,0,0,0,0,0,711,0,0,0,0,21489,0.0,0.0,0.0,0,0,0,0
22b.sql,true,206,184,22,0,0,96,88,0,0,0,0,0,278,0,0,0,0,31,0.0,0.0,0.0,0,0,0,0
22b.sql,false,231,209,22,0,0,106,103,0,0,0,0,0,254,0,0,0,0,31,0.0,0.0,0.0,0,0,0,0
22a.sql,true,227,201,25,1,0,106,95,0,0,0,0,0,387,0,0,0,0,2851,0.0,0.0,0.0,0,0,0,0
22a.sql,false,212,188,22,1,0,95,93,0,0,0,0,0,348,0,0,0,0,2851,0.0,0.0,0.0,0,0,0,0
21c.sql,true,174,165,8,0,0,40,125,0,0,0,0,0,103,0,0,0,0,1874,0.0,0.0,0.0,0,0,0,0
21c.sql,false,176,166,10,0,0,41,125,0,0,0,0,0,132,0,0,0,0,1874,0.0,0.0,0.0,0,0,0,0
21b.sql,true,143,134,3,5,1,34,100,0,1,0,0,0,59,0,0,0,0,38,0.0,0.0,0.0,0,0,0,0
21b.sql,false,133,131,2,0,0,38,93,0,0,0,0,0,37,0,0,0,0,38,0.0,0.0,0.0,0,0,0,0
21a.sql,true,153,138,9,6,0,39,99,0,0,0,0,0,131,0,0,0,0,1410,0.0,0.0,0.0,0,0,0,0
21a.sql,false,144,136,7,1,0,38,98,0,0,0,0,0,83,0,0,0,0,1410,0.0,0.0,0.0,0,0,0,0
20c.sql,true,256,144,110,2,0,128,16,0,0,0,0,0,1877,0,0,0,0,5406,0.0,0.0,0.0,0,0,0,0
20c.sql,false,275,148,125,1,0,134,14,0,0,0,0,0,2058,0,0,0,0,5406,0.0,0.0,0.0,0,0,0,0
20b.sql,true,403,398,2,3,0,390,8,0,0,0,0,0,1,0,0,0,0,17,0.0,0.0,0.0,0,0,0,0
20b.sql,false,419,415,1,3,0,403,12,0,0,0,0,0,11,0,0,0,0,17,0.0,0.0,0.0,0,0,0,0
20a.sql,true,288,279,8,1,0,268,11,0,0,0,0,0,93,0,0,0,0,33,0.0,0.0,0.0,0,0,0,0
20a.sql,false,266,255,10,1,0,234,21,0,0,0,0,0,154,0,0,0,0,33,0.0,0.0,0.0,0,0,0,0
19d.sql,true,1705,95,1326,271,13,24,71,0,13,0,0,0,22620,0,0,0,0,1760645,0.0,0.0,0.0,0,0,0,0
19d.sql,false,1682,95,1204,369,13,23,72,0,13,0,0,0,24220,0,0,0,0,1760645,0.0,0.0,0.0,0,0,0,0
19c.sql,true,1096,1070,25,1,0,979,91,0,0,0,0,0,310,0,0,0,0,3575,0.0,0.0,0.0,0,0,0,0
19c.sql,false,977,939,32,6,0,848,91,0,0,0,0,0,433,0,0,0,0,3575,0.0,0.0,0.0,0,0,0,0
19b.sql,true,1139,1133,0,6,0,1056,77,0,0,0,0,0,1,0,0,0,0,15,0.0,0.0,0.0,0,0,0,0
19b.sql,false,1138,1131,1,5,1,1055,76,0,0,0,0,0,1,0,0,0,0,15,0.0,0.0,0.0,0,0,0,0
19a.sql,true,1172,1167,5,0,0,1040,127,0,0,0,0,0,48,0,0,0,0,184,0.0,0.0,0.0,0,0,0,0
19a.sql,false,1180,1169,4,7,0,1042,127,0,0,0,0,0,45,0,0,0,0,184,0.0,0.0,0.0,0,0,0,0
18c.sql,true,192,89,98,4,1,13,76,0,1,0,0,0,1437,0,0,0,0,28073,0.0,0.0,0.0,0,0,0,0
18c.sql,false,192,88,99,4,1,14,74,0,1,0,0,0,1361,0,0,0,0,28073,0.0,0.0,0.0,0,0,0,0
18b.sql,true,125,104,14,7,0,29,75,0,0,0,0,0,167,0,0,0,0,11,0.0,0.0,0.0,0,0,0,0
18b.sql,false,110,102,7,1,0,27,75,0,0,0,0,0,76,0,0,0,0,11,0.0,0.0,0.0,0,0,0,0
18a.sql,true,203,171,25,7,0,42,129,0,0,0,0,0,457,0,0,0,0,410,0.0,0.0,0.0,0,0,0,0
18a.sql,false,198,171,18,8,0,42,129,0,0,0,0,0,283,0,0,0,0,410,0.0,0.0,0.0,0,0,0,0
17f.sql,true,836,73,616,143,4,72,1,0,4,0,0,0,7823,0,0,0,0,1113120,0.0,0.0,0.0,0,0,0,0
17f.sql,false,844,68,513,259,4,67,1,0,4,0,0,0,7888,0,0,0,0,1113120,0.0,0.0,0.0,0,0,0,0
17e.sql,true,1957,3,1230,714,10,1,2,0,10,0,0,0,13373,0,0,0,0,2832555,0.0,0.0,0.0,0,0,0,0
17e.sql,false,1704,2,999,693,10,1,1,0,10,0,0,0,12234,0,0,0,0,2832555,0.0,0.0,0.0,0,0,0,0
17d.sql,true,109,65,40,4,0,65,0,0,0,0,0,0,1103,0,0,0,0,11538,0.0,0.0,0.0,0,0,0,0
17d.sql,false,111,64,43,3,0,64,0,0,0,0,0,0,1020,0,0,0,0,11538,0.0,0.0,0.0,0,0,0,0
17c.sql,true,75,63,12,0,0,63,0,0,0,0,0,0,309,0,0,0,0,1918,0.0,0.0,0.0,0,0,0,0
17c.sql,false,603,66,536,1,0,66,0,0,0,0,0,0,21953,0,0,0,0,1918,0.0,0.0,0.0,0,0,0,0
17b.sql,true,327,63,252,12,0,63,0,0,0,0,0,0,5948,0,0,0,0,52306,0.0,0.0,0.0,0,0,0,0
17b.sql,false,323,64,247,12,0,63,1,0,0,0,0,0,6203,0,0,0,0,52306,0.0,0.0,0.0,0,0,0,0
17a.sql,true,563,67,461,33,2,65,2,0,2,0,0,0,8581,0,0,0,0,258289,0.0,0.0,0.0,0,0,0,0
17a.sql,false,606,68,478,58,2,66,2,0,2,0,0,0,8792,0,0,0,0,258289,0.0,0.0,0.0,0,0,0,0
16d.sql,true,413,16,356,38,2,14,2,0,2,0,0,0,7342,0,0,0,0,249455,0.0,0.0,0.0,0,0,0,0
16d.sql,false,171,17,107,45,2,14,3,0,2,0,0,0,1853,0,0,0,0,249455,0.0,0.0,0.0,0,0,0,0
16c.sql,true,218,15,138,63,2,11,4,0,2,0,0,0,2468,0,0,0,0,319932,0.0,0.0,0.0,0,0,0,0
16c.sql,false,239,16,165,56,2,13,3,0,2,0,0,0,3359,0,0,0,0,319932,0.0,0.0,0.0,0,0,0,0
16b.sql,true,2406,2,1723,654,27,1,1,0,27,0,0,0,22286,0,0,0,0,3710592,0.0,0.0,0.0,0,0,0,0
16b.sql,false,2915,2,2350,536,26,0,2,0,26,0,0,0,23538,0,0,0,0,3710592,0.0,0.0,0.0,0,0,0,0
16a.sql,true,22,10,11,1,0,7,3,0,0,0,0,0,147,0,0,0,0,385,0.0,0.0,0.0,0,0,0,0
16a.sql,false,34,11,18,5,0,8,3,0,0,0,0,0,382,0,0,0,0,385,0.0,0.0,0.0,0,0,0,0
15d.sql,true,81,68,10,3,0,62,6,0,0,0,0,0,237,0,0,0,0,11347,0.0,0.0,0.0,0,0,0,0
15d.sql,false,76,66,7,3,0,61,5,0,0,0,0,0,134,0,0,0,0,11347,0.0,0.0,0.0,0,0,0,0
15c.sql,true,103,100,2,1,0,95,5,0,0,0,0,0,31,0,0,0,0,2271,0.0,0.0,0.0,0,0,0,0
15c.sql,false,104,100,3,1,0,96,4,0,0,0,0,0,62,0,0,0,0,2271,0.0,0.0,0.0,0,0,0,0
15b.sql,true,156,150,1,5,0,143,7,0,0,0,0,0,1,0,0,0,0,37,0.0,0.0,0.0,0,0,0,0
15b.sql,false,156,150,1,5,0,142,8,0,0,0,0,0,1,0,0,0,0,37,0.0,0.0,0.0,0,0,0,0
15a.sql,true,152,150,2,0,0,140,10,0,0,0,0,0,24,0,0,0,0,328,0.0,0.0,0.0,0,0,0,0
15a.sql,false,151,149,2,0,0,139,10,0,0,0,0,0,21,0,0,0,0,328,0.0,0.0,0.0,0,0,0,0
14c.sql,true,122,100,21,1,0,25,75,0,0,0,0,0,303,0,0,0,0,4115,0.0,0.0,0.0,0,0,0,0
14c.sql,false,121,98,21,1,1,24,74,0,1,0,0,0,303,0,0,0,0,4115,0.0,0.0,0.0,0,0,0,0
14b.sql,true,80,74,0,5,0,35,39,0,0,0,0,0,1,0,0,0,0,1,0.0,0.0,0.0,0,0,0,0
14b.sql,false,79,73,1,5,0,34,39,0,0,0,0,0,1,0,0,0,0,1,0.0,0.0,0.0,0,0,0,0
14a.sql,true,101,84,16,1,0,18,66,0,0,0,0,0,218,0,0,0,0,761,0.0,0.0,0.0,0,0,0,0
14a.sql,false,102,84,17,1,0,18,66,0,0,0,0,0,234,0,0,0,0,761,0.0,0.0,0.0,0,0,0,0
13d.sql,true,1069,3,978,81,7,1,2,0,7,0,0,0,17713,0,0,0,0,670390,0.0,0.0,0.0,0,0,0,0
13d.sql,false,1210,3,1044,156,7,1,2,0,7,0,0,0,19958,0,0,0,0,670390,0.0,0.0,0.0,0,0,0,0
13c.sql,true,79,73,1,5,0,71,2,0,0,0,0,0,1,0,0,0,0,53,0.0,0.0,0.0,0,0,0,0
13c.sql,false,75,74,1,0,0,72,2,0,0,0,0,0,19,0,0,0,0,53,0.0,0.0,0.0,0,0,0,0
13b.sql,true,82,79,2,0,1,77,2,0,1,0,0,0,28,0,0,0,0,372,0.0,0.0,0.0,0,0,0,0
13b.sql,false,82,80,2,0,0,78,2,0,0,0,0,0,24,0,0,0,0,372,0.0,0.0,0.0,0,0,0,0
13a.sql,true,160,1,144,14,1,1,0,0,1,0,0,0,2543,0,0,0,0,111101,0.0,0.0,0.0,0,0,0,0
13a.sql,false,157,1,140,13,2,1,0,0,2,0,0,0,2699,0,0,0,0,111101,0.0,0.0,0.0,0,0,0,0
12c.sql,true,132,45,85,2,0,20,25,0,0,0,0,0,2020,0,0,0,0,4711,0.0,0.0,0.0,0,0,0,0
12c.sql,false,193,44,138,10,0,21,23,0,0,0,0,0,1921,0,0,0,0,4711,0.0,0.0,0.0,0,0,0,0
12b.sql,true,57,52,0,5,0,50,2,0,0,0,0,0,1,0,0,0,0,10,0.0,0.0,0.0,0,0,0,0
12b.sql,false,51,45,1,5,0,43,2,0,0,0,0,0,1,0,0,0,0,10,0.0,0.0,0.0,0,0,0,0
12a.sql,true,42,35,7,0,0,18,17,0,0,0,0,0,78,0,0,0,0,397,0.0,0.0,0.0,0,0,0,0
12a.sql,false,43,36,6,0,1,19,17,0,1,0,0,0,78,0,0,0,0,397,0.0,0.0,0.0,0,0,0,0
11d.sql,true,172,120,39,11,1,25,95,0,1,0,0,0,1007,0,0,0,0,14899,0.0,0.0,0.0,0,0,0,0
11d.sql,false,144,112,22,9,1,24,88,0,1,0,0,0,442,0,0,0,0,14899,0.0,0.0,0.0,0,0,0,0
11c.sql,true,168,130,37,1,0,32,98,0,0,0,0,0,1149,0,0,0,0,6946,0.0,0.0,0.0,0,0,0,0
11c.sql,false,176,129,40,6,1,31,98,0,1,0,0,0,1265,0,0,0,0,6946,0.0,0.0,0.0,0,0,0,0
11b.sql,true,114,109,0,5,0,22,87,0,0,0,0,0,1,0,0,0,0,14,0.0,0.0,0.0,0,0,0,0
11b.sql,false,121,116,1,4,0,23,93,0,0,0,0,0,1,0,0,0,0,14,0.0,0.0,0.0,0,0,0,0
11a.sql,true,127,121,6,0,0,33,88,0,0,0,0,0,84,0,0,0,0,310,0.0,0.0,0.0,0,0,0,0
11a.sql,false,127,119,2,6,0,31,88,0,0,0,0,0,36,0,0,0,0,310,0.0,0.0,0.0,0,0,0,0
10c.sql,true,1058,294,761,2,1,200,94,0,1,0,0,0,13368,0,0,0,0,10,0.0,0.0,0.0,0,0,0,0
10c.sql,false,383,291,91,1,0,200,91,0,0,0,0,0,5861,0,0,0,0,10,0.0,0.0,0.0,0,0,0,0
10b.sql,true,282,281,1,0,0,194,87,0,0,0,0,0,1,0,0,0,0,0,0.0,0.0,0.0,0,0,0,0
10b.sql,false,284,283,1,0,0,193,90,0,0,0,0,0,1,0,0,0,0,0,0.0,0.0,0.0,0,0,0,0
10a.sql,true,216,211,5,0,0,206,5,0,0,0,0,0,50,0,0,0,0,104,0.0,0.0,0.0,0,0,0,0
10a.sql,false,210,206,4,0,0,201,5,0,0,0,0,0,44,0,0,0,0,104,0.0,0.0,0.0,0,0,0,0
09d.sql,true,482,81,293,101,7,11,70,0,7,0,0,0,5721,0,0,0,0,483082,0.0,0.0,0.0,0,0,0,0
09d.sql,false,471,80,284,100,7,11,69,0,7,0,0,0,5092,0,0,0,0,483082,0.0,0.0,0.0,0,0,0,0
09c.sql,true,140,98,31,11,0,28,70,0,0,0,0,0,1280,0,0,0,0,8144,0.0,0.0,0.0,0,0,0,0
09c.sql,false,119,98,19,2,0,27,71,0,0,0,0,0,386,0,0,0,0,8144,0.0,0.0,0.0,0,0,0,0
09b.sql,true,192,182,3,7,0,109,73,0,0,0,0,0,32,0,0,0,0,40,0.0,0.0,0.0,0,0,0,0
09b.sql,false,193,184,3,6,0,109,75,0,0,0,0,0,30,0,0,0,0,40,0.0,0.0,0.0,0,0,0,0
09a.sql,true,217,206,6,5,0,97,109,0,0,0,0,0,85,0,0,0,0,121,0.0,0.0,0.0,0,0,0,0
09a.sql,false,215,206,3,5,0,97,109,0,0,0,0,0,45,0,0,0,0,121,0.0,0.0,0.0,0,0,0,0
08d.sql,true,508,2,385,119,2,0,2,0,2,0,0,0,10604,0,0,0,0,323005,0.0,0.0,0.0,0,0,0,0
08d.sql,false,318,2,269,44,3,0,2,0,3,0,0,0,5357,0,0,0,0,323005,0.0,0.0,0.0,0,0,0,0
08c.sql,true,2975,2,2533,422,18,0,2,0,18,0,0,0,45393,0,0,0,0,2487611,0.0,0.0,0.0,0,0,0,0
08c.sql,false,5869,2,5314,534,18,1,1,0,18,0,0,0,124515,0,0,0,0,2487611,0.0,0.0,0.0,0,0,0,0
08b.sql,true,150,145,0,5,0,137,8,0,0,0,0,0,1,0,0,0,0,6,0.0,0.0,0.0,0,0,0,0
08b.sql,false,146,141,0,5,0,134,7,0,0,0,0,0,1,0,0,0,0,6,0.0,0.0,0.0,0,0,0,0
08a.sql,true,127,117,10,0,0,107,10,0,0,0,0,0,109,0,0,0,0,62,0.0,0.0,0.0,0,0,0,0
08a.sql,false,132,123,9,0,0,113,10,0,0,0,0,0,108,0,0,0,0,62,0.0,0.0,0.0,0,0,0,0
07c.sql,true,322,109,197,15,1,76,33,0,1,0,0,0,7146,0,0,0,0,68185,0.0,0.0,0.0,0,0,0,0
07c.sql,false,450,109,324,16,1,76,33,0,1,0,0,0,4642,0,0,0,0,68185,0.0,0.0,0.0,0,0,0,0
07b.sql,true,78,72,1,5,0,44,28,0,0,0,0,0,13,0,0,0,0,16,0.0,0.0,0.0,0,0,0,0
07b.sql,false,74,69,1,4,0,41,28,0,0,0,0,0,1,0,0,0,0,16,0.0,0.0,0.0,0,0,0,0
07a.sql,true,91,89,2,0,0,63,26,0,0,0,0,0,22,0,0,0,0,32,0.0,0.0,0.0,0,0,0,0
07a.sql,false,97,88,3,5,0,61,27,0,0,0,0,0,66,0,0,0,0,32,0.0,0.0,0.0,0,0,0,0
06f.sql,true,615,16,486,104,9,14,2,0,9,0,0,0,4041,0,0,0,0,785477,0.0,0.0,0.0,0,0,0,0
06f.sql,false,587,15,459,104,9,13,2,0,9,0,0,0,4014,0,0,0,0,785477,0.0,0.0,0.0,0,0,0,0
06e.sql,true,144,138,1,5,0,136,2,0,0,0,0,0,26,0,0,0,0,6,0.0,0.0,0.0,0,0,0,0
06e.sql,false,139,134,1,4,0,131,3,0,0,0,0,0,1,0,0,0,0,6,0.0,0.0,0.0,0,0,0,0
06d.sql,true,138,132,1,5,0,130,2,0,0,0,0,0,1,0,0,0,0,88,0.0,0.0,0.0,0,0,0,0
06d.sql,false,137,131,1,5,0,129,2,0,0,0,0,0,25,0,0,0,0,88,0.0,0.0,0.0,0,0,0,0
06c.sql,true,123,118,0,5,0,118,0,0,0,0,0,0,1,0,0,0,0,2,0.0,0.0,0.0,0,0,0,0
06c.sql,false,122,117,0,5,0,117,0,0,0,0,0,0,1,0,0,0,0,2,0.0,0.0,0.0,0,0,0,0
06b.sql,true,121,116,0,5,0,116,0,0,0,0,0,0,1,0,0,0,0,12,0.0,0.0,0.0,0,0,0,0
06b.sql,false,121,116,0,5,0,116,0,0,0,0,0,0,1,0,0,0,0,12,0.0,0.0,0.0,0,0,0,0
06a.sql,true,124,119,1,4,0,118,1,0,0,0,0,0,1,0,0,0,0,6,0.0,0.0,0.0,0,0,0,0
06a.sql,false,125,119,1,5,0,118,1,0,0,0,0,0,1,0,0,0,0,6,0.0,0.0,0.0,0,0,0,0
05c.sql,true,118,113,2,3,0,72,41,0,0,0,0,0,14,0,0,0,0,669,0.0,0.0,0.0,0,0,0,0
05c.sql,false,119,114,2,3,0,74,40,0,0,0,0,0,16,0,0,0,0,669,0.0,0.0,0.0,0,0,0,0
05b.sql,true,75,75,0,0,0,53,22,0,0,0,0,0,1,0,0,0,0,0,0.0,0.0,0.0,0,0,0,0
05b.sql,false,74,74,0,0,0,52,22,0,0,0,0,0,1,0,0,0,0,0,0.0,0.0,0.0,0,0,0,0
05a.sql,true,65,65,0,0,0,55,10,0,0,0,0,0,1,0,0,0,0,0,0.0,0.0,0.0,0,0,0,0
05a.sql,false,66,65,0,0,0,56,9,0,0,0,0,0,1,0,0,0,0,0,0.0,0.0,0.0,0,0,0,0
04c.sql,true,67,51,9,7,0,22,29,0,0,0,0,0,169,0,0,0,0,4700,0.0,0.0,0.0,0,0,0,0
04c.sql,false,57,49,6,2,0,22,27,0,0,0,0,0,114,0,0,0,0,4700,0.0,0.0,0.0,0,0,0,0
04b.sql,true,17,12,0,5,0,10,2,0,0,0,0,0,1,0,0,0,0,6,0.0,0.0,0.0,0,0,0,0
04b.sql,false,17,12,1,4,0,10,2,0,0,0,0,0,1,0,0,0,0,6,0.0,0.0,0.0,0,0,0,0
04a.sql,true,45,39,5,1,0,19,20,0,0,0,0,0,93,0,0,0,0,740,0.0,0.0,0.0,0,0,0,0
04a.sql,false,42,37,5,0,0,18,19,0,0,0,0,0,88,0,0,0,0,740,0.0,0.0,0.0,0,0,0,0
03c.sql,true,56,47,7,2,0,21,26,0,0,0,0,0,98,0,0,0,0,7250,0.0,0.0,0.0,0,0,0,0
03c.sql,false,54,46,6,2,0,20,26,0,0,0,0,0,96,0,0,0,0,7250,0.0,0.0,0.0,0,0,0,0
03b.sql,true,13,10,1,2,0,9,1,0,0,0,0,0,1,0,0,0,0,5,0.0,0.0,0.0,0,0,0,0
03b.sql,false,13,9,1,3,0,8,1,0,0,0,0,0,1,0,0,0,0,5,0.0,0.0,0.0,0,0,0,0
03a.sql,true,28,22,6,0,0,15,7,0,0,0,0,0,71,0,0,0,0,206,0.0,0.0,0.0,0,0,0,0
03a.sql,false,25,21,4,0,0,15,6,0,0,0,0,0,70,0,0,0,0,206,0.0,0.0,0.0,0,0,0,0
02d.sql,true,64,2,46,15,1,0,2,0,1,0,0,0,700,0,0,0,0,68316,0.0,0.0,0.0,0,0,0,0
02d.sql,false,55,3,45,7,0,1,2,0,0,0,0,0,696,0,0,0,0,68316,0.0,0.0,0.0,0,0,0,0
02c.sql,true,1,1,0,0,0,0,1,0,0,0,0,0,1,0,0,0,0,0,0.0,0.0,0.0,0,0,0,0
02c.sql,false,1,1,0,0,0,1,0,0,0,0,0,0,1,0,0,0,0,0,0.0,0.0,0.0,0,0,0,0
02b.sql,true,39,0,37,1,0,0,0,0,0,0,0,0,647,0,0,0,0,5228,0.0,0.0,0.0,0,0,0,0
02b.sql,false,29,1,26,2,0,1,0,0,0,0,0,0,560,0,0,0,0,5228,0.0,0.0,0.0,0,0,0,0
02a.sql,true,28,1,25,2,0,1,0,0,0,0,0,0,537,0,0,0,0,7834,0.0,0.0,0.0,0,0,0,0
02a.sql,false,33,1,31,1,0,0,1,0,0,0,0,0,605,0,0,0,0,7834,0.0,0.0,0.0,0,0,0,0
01d.sql,true,78,71,0,7,0,31,40,0,0,0,0,0,1,0,0,0,0,4,0.0,0.0,0.0,0,0,0,0
01d.sql,false,77,70,0,7,0,30,40,0,0,0,0,0,1,0,0,0,0,4,0.0,0.0,0.0,0,0,0,0
01c.sql,true,53,45,1,7,0,43,2,0,0,0,0,0,19,0,0,0,0,3,0.0,0.0,0.0,0,0,0,0
01c.sql,false,51,44,0,7,0,42,2,0,0,0,0,0,1,0,0,0,0,3,0.0,0.0,0.0,0,0,0,0
01b.sql,true,79,72,0,7,0,33,39,0,0,0,0,0,1,0,0,0,0,3,0.0,0.0,0.0,0,0,0,0
01b.sql,false,86,79,0,6,0,33,46,0,0,0,0,0,1,0,0,0,0,3,0.0,0.0,0.0,0,0,0,0
01a.sql,true,70,61,0,9,0,59,2,0,0,0,0,0,1,0,0,0,0,142,0.0,0.0,0.0,0,0,0,0
01a.sql,false,66,59,0,7,0,57,2,0,0,0,0,0,1,0,0,0,0,142,0.0,0.0,0.0,0,0,0,0
