Query,IsWarmup,Millis,PreMillis,JoinMillis,MatMillis,PostMillis,FilterMillis,IndexMillis,GroupByMillis,AggregateMillis,HavingMillis,OrderMillis,Tuples,Samples,Lookups,NrIndexEntries,nrUniqueLookups,NrPlans,JoinCard,AvgReward,MaxReward,TotalWork,DataSize,UctSize,StateSize,JoinSize
33c.sql,true,7727,461,262,27,1,48,413,0,1,0,0,0,34,0,0,0,0,114,0.0,0.0,0.0,0,0,0,0
33c.sql,false,418,315,100,2,1,30,285,0,1,0,0,0,28,0,0,0,0,114,0.0,0.0,0.0,0,0,0,0
33b.sql,true,251,159,75,15,1,54,105,0,1,0,0,0,19,0,0,0,0,4,0.0,0.0,0.0,0,0,0,0
33b.sql,false,100,35,62,3,0,20,15,0,0,0,0,0,20,0,0,0,0,4,0.0,0.0,0.0,0,0,0,0
33a.sql,true,98,43,52,2,1,23,20,0,1,0,0,0,26,0,0,0,0,8,0.0,0.0,0.0,0,0,0,0
33a.sql,false,94,42,50,2,0,22,20,0,0,0,0,0,23,0,0,0,0,8,0.0,0.0,0.0,0,0,0,0
32b.sql,true,145,1,128,15,1,1,0,0,1,0,0,0,64,0,0,0,0,4388,0.0,0.0,0.0,0,0,0,0
32b.sql,false,51,2,34,14,1,2,0,0,1,0,0,0,50,0,0,0,0,4388,0.0,0.0,0.0,0,0,0,0
32a.sql,true,3,1,0,2,0,1,0,0,0,0,0,0,0,0,0,0,0,0,0.0,0.0,0.0,0,0,0,0
32a.sql,false,3,1,1,1,0,1,0,0,0,0,0,0,0,0,0,0,0,0,0.0,0.0,0.0,0,0,0,0
31c.sql,true,631,576,41,13,1,540,36,0,1,0,0,0,21,0,0,0,0,2825,0.0,0.0,0.0,0,0,0,0
31c.sql,false,303,250,37,15,1,214,36,0,1,0,0,0,59,0,0,0,0,2825,0.0,0.0,0.0,0,0,0,0
31b.sql,true,665,120,534,10,1,69,51,0,0,0,0,0,16,0,0,0,0,84,0.0,0.0,0.0,0,0,0,0
31b.sql,false,84,71,6,7,0,43,28,0,0,0,0,0,19,0,0,0,0,84,0.0,0.0,0.0,0,0,0,0
31a.sql,true,58,46,10,2,0,22,24,0,0,0,0,0,50,0,0,0,0,1273,0.0,0.0,0.0,0,0,0,0
31a.sql,false,58,47,8,2,1,22,25,0,1,0,0,0,48,0,0,0,0,1273,0.0,0.0,0.0,0,0,0,0
30c.sql,true,77,47,20,9,1,22,25,0,0,0,0,0,176,0,0,0,0,8024,0.0,0.0,0.0,0,0,0,0
30c.sql,false,77,47,19,10,1,22,25,0,1,0,0,0,151,0,0,0,0,8024,0.0,0.0,0.0,0,0,0,0
30b.sql,true,64,58,5,0,0,34,24,0,0,0,0,0,14,0,0,0,0,28,0.0,0.0,0.0,0,0,0,0
30b.sql,false,61,57,3,1,0,33,24,0,0,0,0,0,13,0,0,0,0,28,0.0,0.0,0.0,0,0,0,0
30a.sql,true,69,54,12,1,1,27,27,0,1,0,0,0,159,0,0,0,0,757,0.0,0.0,0.0,0,0,0,0
30a.sql,false,64,56,7,1,0,28,28,0,0,0,0,0,66,0,0,0,0,757,0.0,0.0,0.0,0,0,0,0
29c.sql,true,683,644,20,19,0,435,209,0,0,0,0,0,459,0,0,0,0,16308,0.0,0.0,0.0,0,0,0,0
29c.sql,false,360,308,39,13,0,275,33,0,0,0,0,0,1083,0,0,0,0,16308,0.0,0.0,0.0,0,0,0,0
29b.sql,true,215,207,6,2,0,176,31,0,0,0,0,0,60,0,0,0,0,15,0.0,0.0,0.0,0,0,0,0
29b.sql,false,210,205,4,1,0,175,30,0,0,0,0,0,12,0,0,0,0,15,0.0,0.0,0.0,0,0,0,0
29a.sql,true,307,301,4,2,0,269,32,0,0,0,0,0,13,0,0,0,0,1620,0.0,0.0,0.0,0,0,0,0
29a.sql,false,346,338,6,2,0,299,39,0,0,0,0,0,15,0,0,0,0,1620,0.0,0.0,0.0,0,0,0,0
28c.sql,true,125,105,14,6,0,57,48,0,0,0,0,0,219,0,0,0,0,8373,0.0,0.0,0.0,0,0,0,0
28c.sql,false,111,87,15,9,0,44,43,0,0,0,0,0,217,0,0,0,0,8373,0.0,0.0,0.0,0,0,0,0
28b.sql,true,78,63,12,2,0,37,26,0,0,0,0,0,198,0,0,0,0,148,0.0,0.0,0.0,0,0,0,0
28b.sql,false,75,66,7,1,0,41,25,0,0,0,0,0,62,0,0,0,0,148,0.0,0.0,0.0,0,0,0,0
28a.sql,true,106,85,16,5,0,51,34,0,0,0,0,0,291,0,0,0,0,4803,0.0,0.0,0.0,0,0,0,0
28a.sql,false,98,79,15,4,0,44,35,0,0,0,0,0,328,0,0,0,0,4803,0.0,0.0,0.0,0,0,0,0
27c.sql,true,94,90,3,1,0,44,46,0,0,0,0,0,30,0,0,0,0,743,0.0,0.0,0.0,0,0,0,0
27c.sql,false,75,71,3,1,0,31,40,0,0,0,0,0,26,0,0,0,0,743,0.0,0.0,0.0,0,0,0,0
27b.sql,true,56,52,3,0,0,20,32,0,0,0,0,0,25,0,0,0,0,247,0.0,0.0,0.0,0,0,0,0
27b.sql,false,56,52,3,1,0,21,31,0,0,0,0,0,24,0,0,0,0,247,0.0,0.0,0.0,0,0,0,0
27a.sql,true,61,56,4,1,0,25,31,0,0,0,0,0,25,0,0,0,0,477,0.0,0.0,0.0,0,0,0,0
27a.sql,false,61,55,4,2,0,24,31,0,0,0,0,0,31,0,0,0,0,477,0.0,0.0,0.0,0,0,0,0
26c.sql,true,252,45,202,5,0,39,6,0,0,0,0,0,864,0,0,0,0,5400,0.0,0.0,0.0,0,0,0,0
26c.sql,false,211,44,162,5,0,38,6,0,0,0,0,0,838,0,0,0,0,5400,0.0,0.0,0.0,0,0,0,0
26b.sql,true,64,44,18,2,0,38,6,0,0,0,0,0,220,0,0,0,0,93,0.0,0.0,0.0,0,0,0,0
26b.sql,false,64,44,14,6,0,38,6,0,0,0,0,0,200,0,0,0,0,93,0.0,0.0,0.0,0,0,0,0
26a.sql,true,78,48,29,1,0,40,8,0,0,0,0,0,438,0,0,0,0,1728,0.0,0.0,0.0,0,0,0,0
26a.sql,false,77,48,27,2,0,39,9,0,0,0,0,0,434,0,0,0,0,1728,0.0,0.0,0.0,0,0,0,0
25c.sql,true,65,42,17,5,1,19,23,0,1,0,0,0,164,0,0,0,0,26153,0.0,0.0,0.0,0,0,0,0
25c.sql,false,78,41,18,19,0,17,24,0,0,0,0,0,164,0,0,0,0,26153,0.0,0.0,0.0,0,0,0,0
25b.sql,true,51,43,1,7,0,21,22,0,0,0,0,0,1,0,0,0,0,6,0.0,0.0,0.0,0,0,0,0
25b.sql,false,51,42,1,7,0,20,22,0,0,0,0,0,1,0,0,0,0,6,0.0,0.0,0.0,0,0,0,0
25a.sql,true,54,39,13,2,0,16,23,0,0,0,0,0,89,0,0,0,0,4407,0.0,0.0,0.0,0,0,0,0
25a.sql,false,48,38,8,2,0,15,23,0,0,0,0,0,71,0,0,0,0,4407,0.0,0.0,0.0,0,0,0,0
24b.sql,true,328,320,2,5,0,294,26,0,0,0,0,0,1,0,0,0,0,45,0.0,0.0,0.0,0,0,0,0
24b.sql,false,325,317,2,5,1,290,27,0,1,0,0,0,1,0,0,0,0,45,0.0,0.0,0.0,0,0,0,0
24a.sql,true,312,296,15,1,0,267,29,0,0,0,0,0,210,0,0,0,0,275,0.0,0.0,0.0,0,0,0,0
24a.sql,false,313,302,10,1,0,272,30,0,0,0,0,0,154,0,0,0,0,275,0.0,0.0,0.0,0,0,0,0
23c.sql,true,52,48,2,2,0,40,8,0,0,0,0,0,18,0,0,0,0,628,0.0,0.0,0.0,0,0,0,0
23c.sql,false,50,47,2,1,0,40,7,0,0,0,0,0,17,0,0,0,0,628,0.0,0.0,0.0,0,0,0,0
23b.sql,true,45,42,2,0,0,36,6,0,0,0,0,0,15,0,0,0,0,16,0.0,0.0,0.0,0,0,0,0
23b.sql,false,45,42,2,1,0,36,6,0,0,0,0,0,16,0,0,0,0,16,0.0,0.0,0.0,0,0,0,0
23a.sql,true,48,45,3,0,0,38,7,0,0,0,0,0,18,0,0,0,0,618,0.0,0.0,0.0,0,0,0,0
23a.sql,false,48,44,3,1,0,38,6,0,0,0,0,0,34,0,0,0,0,618,0.0,0.0,0.0,0,0,0,0
22d.sql,true,67,47,12,6,1,24,23,0,1,0,0,0,218,0,0,0,0,46281,0.0,0.0,0.0,0,0,0,0
22d.sql,false,68,49,13,6,0,26,23,0,0,0,0,0,179,0,0,0,0,46281,0.0,0.0,0.0,0,0,0,0
22c.sql,true,89,75,11,3,0,41,34,0,0,0,0,0,148,0,0,0,0,21489,0.0,0.0,0.0,0,0,0,0
22c.sql,false,87,70,14,3,0,37,33,0,0,0,0,0,194,0,0,0,0,21489,0.0,0.0,0.0,0,0,0,0
22b.sql,true,80,66,13,1,0,36,30,0,0,0,0,0,134,0,0,0,0,31,0.0,0.0,0.0,0,0,0,0
22b.sql,false,79,66,12,1,0,35,31,0,0,0,0,0,125,0,0,0,0,31,0.0,0.0,0.0,0,0,0,0
22a.sql,true,79,66,11,2,0,36,30,0,0,0,0,0,153,0,0,0,0,2851,0.0,0.0,0.0,0,0,0,0
22a.sql,false,79,68,10,1,0,37,31,0,0,0,0,0,108,0,0,0,0,2851,0.0,0.0,0.0,0,0,0,0
21c.sql,true,74,70,4,0,0,29,41,0,0,0,0,0,29,0,0,0,0,1874,0.0,0.0,0.0,0,0,0,0
21c.sql,false,71,67,4,0,0,28,39,0,0,0,0,0,30,0,0,0,0,1874,0.0,0.0,0.0,0,0,0,0
21b.sql,true,63,55,3,5,0,23,32,0,0,0,0,0,21,0,0,0,0,38,0.0,0.0,0.0,0,0,0,0
21b.sql,false,61,57,2,2,0,24,33,0,0,0,0,0,21,0,0,0,0,38,0.0,0.0,0.0,0,0,0,0
21a.sql,true,59,55,4,0,0,23,32,0,0,0,0,0,26,0,0,0,0,1410,0.0,0.0,0.0,0,0,0,0
21a.sql,false,63,58,4,1,0,24,34,0,0,0,0,0,34,0,0,0,0,1410,0.0,0.0,0.0,0,0,0,0
20c.sql,true,69,43,25,1,0,37,6,0,0,0,0,0,362,0,0,0,0,5406,0.0,0.0,0.0,0,0,0,0
20c.sql,false,74,44,28,2,0,38,6,0,0,0,0,0,395,0,0,0,0,5406,0.0,0.0,0.0,0,0,0,0
20b.sql,true,94,89,2,3,0,84,5,0,0,0,0,0,12,0,0,0,0,17,0.0,0.0,0.0,0,0,0,0
20b.sql,false,94,89,1,4,0,84,5,0,0,0,0,0,9,0,0,0,0,17,0.0,0.0,0.0,0,0,0,0
20a.sql,true,75,69,3,3,0,62,7,0,0,0,0,0,33,0,0,0,0,33,0.0,0.0,0.0,0,0,0,0
20a.sql,false,75,69,2,4,0,61,8,0,0,0,0,0,30,0,0,0,0,33,0.0,0.0,0.0,0,0,0,0
19d.sql,true,1314,53,938,311,12,27,26,0,12,0,0,0,4294,0,0,0,0,1760645,0.0,0.0,0.0,0,0,0,0
19d.sql,false,397,48,169,167,13,21,27,0,13,0,0,0,3207,0,0,0,0,1760645,0.0,0.0,0.0,0,0,0,0
19c.sql,true,345,321,23,1,0,289,32,0,0,0,0,0,334,0,0,0,0,3575,0.0,0.0,0.0,0,0,0,0
19c.sql,false,347,320,26,1,0,289,31,0,0,0,0,0,338,0,0,0,0,3575,0.0,0.0,0.0,0,0,0,0
19b.sql,true,334,328,1,5,0,298,30,0,0,0,0,0,1,0,0,0,0,15,0.0,0.0,0.0,0,0,0,0
19b.sql,false,340,332,1,5,0,303,29,0,0,0,0,0,1,0,0,0,0,15,0.0,0.0,0.0,0,0,0,0
19a.sql,true,353,341,6,6,0,297,44,0,0,0,0,0,92,0,0,0,0,184,0.0,0.0,0.0,0,0,0,0
19a.sql,false,356,345,5,6,0,302,43,0,0,0,0,0,64,0,0,0,0,184,0.0,0.0,0.0,0,0,0,0
18c.sql,true,65,40,21,4,0,16,24,0,0,0,0,0,202,0,0,0,0,28073,0.0,0.0,0.0,0,0,0,0
18c.sql,false,93,39,48,6,0,15,24,0,0,0,0,0,769,0,0,0,0,28073,0.0,0.0,0.0,0,0,0,0
18b.sql,true,57,53,3,1,0,26,27,0,0,0,0,0,27,0,0,0,0,11,0.0,0.0,0.0,0,0,0,0
18b.sql,false,54,50,3,1,0,24,26,0,0,0,0,0,29,0,0,0,0,11,0.0,0.0,0.0,0,0,0,0
18a.sql,true,79,60,19,0,0,26,34,0,0,0,0,0,215,0,0,0,0,410,0.0,0.0,0.0,0,0,0,0
18a.sql,false,76,61,15,0,0,26,35,0,0,0,0,0,151,0,0,0,0,410,0.0,0.0,0.0,0,0,0,0
17f.sql,true,203,18,91,90,4,17,1,0,4,0,0,0,1067,0,0,0,0,1113120,0.0,0.0,0.0,0,0,0,0
17f.sql,false,200,17,81,98,4,16,1,0,4,0,0,0,865,0,0,0,0,1113120,0.0,0.0,0.0,0,0,0,0
17e.sql,true,566,4,165,387,10,2,2,0,10,0,0,0,1708,0,0,0,0,2832555,0.0,0.0,0.0,0,0,0,0
17e.sql,false,449,12,181,246,10,2,10,0,10,0,0,0,1711,0,0,0,0,2832555,0.0,0.0,0.0,0,0,0,0
17d.sql,true,35,18,15,2,0,18,0,0,0,0,0,0,242,0,0,0,0,11538,0.0,0.0,0.0,0,0,0,0
17d.sql,false,35,18,15,2,0,17,1,0,0,0,0,0,246,0,0,0,0,11538,0.0,0.0,0.0,0,0,0,0
17c.sql,true,21,15,6,0,0,15,0,0,0,0,0,0,67,0,0,0,0,1918,0.0,0.0,0.0,0,0,0,0
17c.sql,false,21,16,5,0,0,15,1,0,0,0,0,0,79,0,0,0,0,1918,0.0,0.0,0.0,0,0,0,0
17b.sql,true,65,16,44,5,0,15,1,0,0,0,0,0,801,0,0,0,0,52306,0.0,0.0,0.0,0,0,0,0
17b.sql,false,63,16,42,5,0,15,1,0,0,0,0,0,786,0,0,0,0,52306,0.0,0.0,0.0,0,0,0,0
17a.sql,true,172,19,128,23,2,17,2,0,2,0,0,0,1155,0,0,0,0,258289,0.0,0.0,0.0,0,0,0,0
17a.sql,false,169,19,124,24,2,17,2,0,2,0,0,0,841,0,0,0,0,258289,0.0,0.0,0.0,0,0,0,0
16d.sql,true,55,11,21,22,1,8,3,0,1,0,0,0,227,0,0,0,0,249455,0.0,0.0,0.0,0,0,0,0
16d.sql,false,65,11,26,26,2,8,3,0,2,0,0,0,314,0,0,0,0,249455,0.0,0.0,0.0,0,0,0,0
16c.sql,true,74,12,31,29,2,9,3,0,2,0,0,0,360,0,0,0,0,319932,0.0,0.0,0.0,0,0,0,0
16c.sql,false,65,12,25,25,3,9,3,0,3,0,0,0,305,0,0,0,0,319932,0.0,0.0,0.0,0,0,0,0
16b.sql,true,1046,5,483,531,27,3,2,0,27,0,0,0,3607,0,0,0,0,3710592,0.0,0.0,0.0,0,0,0,0
16b.sql,false,914,11,327,550,26,2,9,0,26,0,0,0,3632,0,0,0,0,3710592,0.0,0.0,0.0,0,0,0,0
16a.sql,true,19,13,5,1,0,5,8,0,0,0,0,0,35,0,0,0,0,385,0.0,0.0,0.0,0,0,0,0
16a.sql,false,12,8,4,0,0,5,3,0,0,0,0,0,35,0,0,0,0,385,0.0,0.0,0.0,0,0,0,0
15d.sql,true,43,37,5,1,0,31,6,0,0,0,0,0,67,0,0,0,0,11347,0.0,0.0,0.0,0,0,0,0
15d.sql,false,45,36,7,2,0,30,6,0,0,0,0,0,98,0,0,0,0,11347,0.0,0.0,0.0,0,0,0,0
15c.sql,true,44,41,2,1,0,37,4,0,0,0,0,0,25,0,0,0,0,2271,0.0,0.0,0.0,0,0,0,0
15c.sql,false,44,41,2,1,0,37,4,0,0,0,0,0,19,0,0,0,0,2271,0.0,0.0,0.0,0,0,0,0
15b.sql,true,58,51,1,6,0,44,7,0,0,0,0,0,1,0,0,0,0,37,0.0,0.0,0.0,0,0,0,0
15b.sql,false,58,50,1,7,0,44,6,0,0,0,0,0,1,0,0,0,0,37,0.0,0.0,0.0,0,0,0,0
15a.sql,true,57,53,2,1,0,44,9,0,0,0,0,0,16,0,0,0,0,328,0.0,0.0,0.0,0,0,0,0
15a.sql,false,57,55,2,0,0,46,9,0,0,0,0,0,16,0,0,0,0,328,0.0,0.0,0.0,0,0,0,0
14c.sql,true,58,50,7,1,0,25,25,0,0,0,0,0,72,0,0,0,0,4115,0.0,0.0,0.0,0,0,0,0
14c.sql,false,59,51,7,1,0,25,26,0,0,0,0,0,71,0,0,0,0,4115,0.0,0.0,0.0,0,0,0,0
14b.sql,true,40,34,1,5,0,18,16,0,0,0,0,0,1,0,0,0,0,1,0.0,0.0,0.0,0,0,0,0
14b.sql,false,40,34,1,5,0,19,15,0,0,0,0,0,1,0,0,0,0,1,0.0,0.0,0.0,0,0,0,0
14a.sql,true,53,43,9,1,0,20,23,0,0,0,0,0,105,0,0,0,0,761,0.0,0.0,0.0,0,0,0,0
14a.sql,false,53,44,9,0,0,20,24,0,0,0,0,0,133,0,0,0,0,761,0.0,0.0,0.0,0,0,0,0
13d.sql,true,259,7,188,57,7,5,2,0,7,0,0,0,3153,0,0,0,0,670390,0.0,0.0,0.0,0,0,0,0
13d.sql,false,339,7,198,127,7,5,2,0,7,0,0,0,3406,0,0,0,0,670390,0.0,0.0,0.0,0,0,0,0
13c.sql,true,29,22,2,5,0,20,2,0,0,0,0,0,9,0,0,0,0,53,0.0,0.0,0.0,0,0,0,0
13c.sql,false,28,20,2,6,0,18,2,0,0,0,0,0,1,0,0,0,0,53,0.0,0.0,0.0,0,0,0,0
13b.sql,true,27,24,2,1,0,22,2,0,0,0,0,0,15,0,0,0,0,372,0.0,0.0,0.0,0,0,0,0
13b.sql,false,26,23,2,1,0,21,2,0,0,0,0,0,15,0,0,0,0,372,0.0,0.0,0.0,0,0,0,0
13a.sql,true,54,4,38,10,1,4,0,0,1,0,0,0,710,0,0,0,0,111101,0.0,0.0,0.0,0,0,0,0
13a.sql,false,42,4,26,11,1,4,0,0,1,0,0,0,452,0,0,0,0,111101,0.0,0.0,0.0,0,0,0,0
12c.sql,true,49,28,20,1,0,15,13,0,0,0,0,0,270,0,0,0,0,4711,0.0,0.0,0.0,0,0,0,0
12c.sql,false,45,28,17,0,0,16,12,0,0,0,0,0,198,0,0,0,0,4711,0.0,0.0,0.0,0,0,0,0
12b.sql,true,22,16,0,6,0,14,2,0,0,0,0,0,1,0,0,0,0,10,0.0,0.0,0.0,0,0,0,0
12b.sql,false,22,16,0,6,0,14,2,0,0,0,0,0,1,0,0,0,0,10,0.0,0.0,0.0,0,0,0,0
12a.sql,true,30,23,7,0,0,13,10,0,0,0,0,0,59,0,0,0,0,397,0.0,0.0,0.0,0,0,0,0
12a.sql,false,30,24,6,0,0,14,10,0,0,0,0,0,54,0,0,0,0,397,0.0,0.0,0.0,0,0,0,0
11d.sql,true,70,53,11,6,0,22,31,0,0,0,0,0,220,0,0,0,0,14899,0.0,0.0,0.0,0,0,0,0
11d.sql,false,69,52,12,5,0,22,30,0,0,0,0,0,231,0,0,0,0,14899,0.0,0.0,0.0,0,0,0,0
11c.sql,true,63,51,9,3,0,23,28,0,0,0,0,0,123,0,0,0,0,6946,0.0,0.0,0.0,0,0,0,0
11c.sql,false,64,52,10,2,0,22,30,0,0,0,0,0,157,0,0,0,0,6946,0.0,0.0,0.0,0,0,0,0
11b.sql,true,50,44,1,5,0,18,26,0,0,0,0,0,1,0,0,0,0,14,0.0,0.0,0.0,0,0,0,0
11b.sql,false,53,47,1,5,0,18,29,0,0,0,0,0,1,0,0,0,0,14,0.0,0.0,0.0,0,0,0,0
11a.sql,true,51,47,3,0,0,20,27,0,0,0,0,0,27,0,0,0,0,310,0.0,0.0,0.0,0,0,0,0
11a.sql,false,51,48,3,0,0,20,28,0,0,0,0,0,26,0,0,0,0,310,0.0,0.0,0.0,0,0,0,0
10c.sql,true,180,93,83,4,0,65,28,0,0,0,0,0,3623,0,0,0,0,10,0.0,0.0,0.0,0,0,0,0
10c.sql,false,153,93,59,1,0,64,29,0,0,0,0,0,1103,0,0,0,0,10,0.0,0.0,0.0,0,0,0,0
10b.sql,true,86,85,1,0,0,57,28,0,0,0,0,0,1,0,0,0,0,0,0.0,0.0,0.0,0,0,0,0
10b.sql,false,87,86,1,0,0,59,27,0,0,0,0,0,1,0,0,0,0,0,0.0,0.0,0.0,0,0,0,0
10a.sql,true,69,66,2,1,0,60,6,0,0,0,0,0,24,0,0,0,0,104,0.0,0.0,0.0,0,0,0,0
10a.sql,false,66,63,3,0,0,57,6,0,0,0,0,0,26,0,0,0,0,104,0.0,0.0,0.0,0,0,0,0
09d.sql,true,131,36,43,44,7,12,24,0,7,0,0,0,716,0,0,0,0,483082,0.0,0.0,0.0,0,0,0,0
09d.sql,false,146,35,42,61,7,12,23,0,7,0,0,0,831,0,0,0,0,483082,0.0,0.0,0.0,0,0,0,0
09c.sql,true,60,40,17,2,1,16,24,0,1,0,0,0,314,0,0,0,0,8144,0.0,0.0,0.0,0,0,0,0
09c.sql,false,62,41,18,3,0,17,24,0,0,0,0,0,325,0,0,0,0,8144,0.0,0.0,0.0,0,0,0,0
09b.sql,true,72,60,3,9,0,33,27,0,0,0,0,0,41,0,0,0,0,40,0.0,0.0,0.0,0,0,0,0
09b.sql,false,233,221,5,7,0,193,28,0,0,0,0,0,39,0,0,0,0,40,0.0,0.0,0.0,0,0,0,0
09a.sql,true,85,74,4,6,0,38,36,0,0,0,0,0,46,0,0,0,0,121,0.0,0.0,0.0,0,0,0,0
09a.sql,false,83,74,4,5,0,37,37,0,0,0,0,0,38,0,0,0,0,121,0.0,0.0,0.0,0,0,0,0
08d.sql,true,132,5,74,51,2,3,2,0,2,0,0,0,762,0,0,0,0,323005,0.0,0.0,0.0,0,0,0,0
08d.sql,false,98,5,48,43,2,3,2,0,2,0,0,0,621,0,0,0,0,323005,0.0,0.0,0.0,0,0,0,0
08c.sql,true,582,4,364,196,18,2,2,0,18,0,0,0,4498,0,0,0,0,2487611,0.0,0.0,0.0,0,0,0,0
08c.sql,false,618,4,391,204,18,2,2,0,18,0,0,0,4817,0,0,0,0,2487611,0.0,0.0,0.0,0,0,0,0
08b.sql,true,48,41,2,5,0,34,7,0,0,0,0,0,1,0,0,0,0,6,0.0,0.0,0.0,0,0,0,0
08b.sql,false,47,41,1,5,0,34,7,0,0,0,0,0,1,0,0,0,0,6,0.0,0.0,0.0,0,0,0,0
08a.sql,true,47,37,5,5,0,27,10,0,0,0,0,0,52,0,0,0,0,62,0.0,0.0,0.0,0,0,0,0
08a.sql,false,46,37,4,4,1,26,11,0,1,0,0,0,49,0,0,0,0,62,0.0,0.0,0.0,0,0,0,0
07c.sql,true,180,55,116,9,0,42,13,0,0,0,0,0,2953,0,0,0,0,68185,0.0,0.0,0.0,0,0,0,0
07c.sql,false,171,52,113,6,0,40,12,0,0,0,0,0,3101,0,0,0,0,68185,0.0,0.0,0.0,0,0,0,0
07b.sql,true,39,32,0,7,0,22,10,0,0,0,0,0,1,0,0,0,0,16,0.0,0.0,0.0,0,0,0,0
07b.sql,false,38,32,1,5,0,21,11,0,0,0,0,0,1,0,0,0,0,16,0.0,0.0,0.0,0,0,0,0
07a.sql,true,46,40,1,5,0,31,9,0,0,0,0,0,1,0,0,0,0,32,0.0,0.0,0.0,0,0,0,0
07a.sql,false,46,39,2,5,0,30,9,0,0,0,0,0,14,0,0,0,0,32,0.0,0.0,0.0,0,0,0,0
06f.sql,true,169,11,77,72,9,9,2,0,9,0,0,0,715,0,0,0,0,785477,0.0,0.0,0.0,0,0,0,0
06f.sql,false,222,11,94,108,9,9,2,0,9,0,0,0,777,0,0,0,0,785477,0.0,0.0,0.0,0,0,0,0
06e.sql,true,43,36,1,5,0,35,1,0,0,0,0,0,6,0,0,0,0,6,0.0,0.0,0.0,0,0,0,0
06e.sql,false,40,34,1,5,0,33,1,0,0,0,0,0,6,0,0,0,0,6,0.0,0.0,0.0,0,0,0,0
06d.sql,true,36,35,1,0,0,33,2,0,0,0,0,0,16,0,0,0,0,88,0.0,0.0,0.0,0,0,0,0
06d.sql,false,37,36,1,0,0,34,2,0,0,0,0,0,15,0,0,0,0,88,0.0,0.0,0.0,0,0,0,0
06c.sql,true,33,28,0,5,0,28,0,0,0,0,0,0,0,0,0,0,0,2,0.0,0.0,0.0,0,0,0,0
06c.sql,false,33,27,1,5,0,27,0,0,0,0,0,0,0,0,0,0,0,2,0.0,0.0,0.0,0,0,0,0
06b.sql,true,34,27,0,7,0,27,0,0,0,0,0,0,0,0,0,0,0,12,0.0,0.0,0.0,0,0,0,0
06b.sql,false,33,27,1,5,0,27,0,0,0,0,0,0,0,0,0,0,0,12,0.0,0.0,0.0,0,0,0,0
06a.sql,true,35,29,1,5,0,28,1,0,0,0,0,0,0,0,0,0,0,6,0.0,0.0,0.0,0,0,0,0
06a.sql,false,35,30,1,4,0,29,1,0,0,0,0,0,0,0,0,0,0,6,0.0,0.0,0.0,0,0,0,0
05c.sql,true,44,39,2,3,0,24,15,0,0,0,0,0,10,0,0,0,0,669,0.0,0.0,0.0,0,0,0,0
05c.sql,false,49,43,1,5,0,27,16,0,0,0,0,0,9,0,0,0,0,669,0.0,0.0,0.0,0,0,0,0
05b.sql,true,27,26,1,0,0,17,9,0,0,0,0,0,0,0,0,0,0,0,0.0,0.0,0.0,0,0,0,0
05b.sql,false,26,26,0,0,0,17,9,0,0,0,0,0,0,0,0,0,0,0,0.0,0.0,0.0,0,0,0,0
05a.sql,true,25,24,1,0,0,17,7,0,0,0,0,0,0,0,0,0,0,0,0.0,0.0,0.0,0,0,0,0
05a.sql,false,26,26,0,0,0,18,8,0,0,0,0,0,0,0,0,0,0,0,0.0,0.0,0.0,0,0,0,0
04c.sql,true,32,28,2,2,0,17,11,0,0,0,0,0,27,0,0,0,0,4700,0.0,0.0,0.0,0,0,0,0
04c.sql,false,31,27,2,1,1,17,10,0,1,0,0,0,22,0,0,0,0,4700,0.0,0.0,0.0,0,0,0,0
04b.sql,true,17,11,0,5,1,9,2,0,1,0,0,0,0,0,0,0,0,6,0.0,0.0,0.0,0,0,0,0
04b.sql,false,17,11,1,5,0,9,2,0,0,0,0,0,0,0,0,0,0,6,0.0,0.0,0.0,0,0,0,0
04a.sql,true,24,22,2,0,0,14,8,0,0,0,0,0,18,0,0,0,0,740,0.0,0.0,0.0,0,0,0,0
04a.sql,false,22,20,2,0,0,12,8,0,0,0,0,0,17,0,0,0,0,740,0.0,0.0,0.0,0,0,0,0
03c.sql,true,30,26,3,1,0,16,10,0,0,0,0,0,20,0,0,0,0,7250,0.0,0.0,0.0,0,0,0,0
03c.sql,false,29,25,3,1,0,16,9,0,0,0,0,0,16,0,0,0,0,7250,0.0,0.0,0.0,0,0,0,0
03b.sql,true,12,8,1,3,0,7,1,0,0,0,0,0,20,0,0,0,0,5,0.0,0.0,0.0,0,0,0,0
03b.sql,false,11,8,1,2,0,7,1,0,0,0,0,0,13,0,0,0,0,5,0.0,0.0,0.0,0,0,0,0
03a.sql,true,17,14,2,1,0,10,4,0,0,0,0,0,20,0,0,0,0,206,0.0,0.0,0.0,0,0,0,0
03a.sql,false,17,15,2,0,0,11,4,0,0,0,0,0,17,0,0,0,0,206,0.0,0.0,0.0,0,0,0,0
02d.sql,true,23,4,9,10,0,2,2,0,0,0,0,0,123,0,0,0,0,68316,0.0,0.0,0.0,0,0,0,0
02d.sql,false,18,4,8,6,0,2,2,0,0,0,0,0,124,0,0,0,0,68316,0.0,0.0,0.0,0,0,0,0
02c.sql,true,2,2,0,0,0,2,0,0,0,0,0,0,0,0,0,0,0,0,0.0,0.0,0.0,0,0,0,0
02c.sql,false,2,2,0,0,0,2,0,0,0,0,0,0,0,0,0,0,0,0,0.0,0.0,0.0,0,0,0,0
02b.sql,true,11,2,9,0,0,2,0,0,0,0,0,0,124,0,0,0,0,5228,0.0,0.0,0.0,0,0,0,0
02b.sql,false,10,2,7,0,1,2,0,0,1,0,0,0,90,0,0,0,0,5228,0.0,0.0,0.0,0,0,0,0
02a.sql,true,11,2,8,1,0,2,0,0,0,0,0,0,111,0,0,0,0,7834,0.0,0.0,0.0,0,0,0,0
02a.sql,false,11,2,7,1,0,1,1,0,0,0,0,0,103,0,0,0,0,7834,0.0,0.0,0.0,0,0,0,0
01d.sql,true,40,32,1,7,0,18,14,0,0,0,0,0,0,0,0,0,0,4,0.0,0.0,0.0,0,0,0,0
01d.sql,false,41,33,1,7,0,19,14,0,0,0,0,0,0,0,0,0,0,4,0.0,0.0,0.0,0,0,0,0
01c.sql,true,24,16,1,7,0,13,3,0,0,0,0,0,0,0,0,0,0,3,0.0,0.0,0.0,0,0,0,0
01c.sql,false,25,16,1,7,1,13,3,0,1,0,0,0,0,0,0,0,0,3,0.0,0.0,0.0,0,0,0,0
01b.sql,true,39,31,1,7,0,17,14,0,0,0,0,0,0,0,0,0,0,3,0.0,0.0,0.0,0,0,0,0
01b.sql,false,44,36,0,8,0,19,17,0,0,0,0,0,0,0,0,0,0,3,0.0,0.0,0.0,0,0,0,0
01a.sql,true,24,16,1,7,0,13,3,0,0,0,0,0,0,0,0,0,0,142,0.0,0.0,0.0,0,0,0,0
01a.sql,false,24,16,0,8,0,14,2,0,0,0,0,0,0,0,0,0,0,142,0.0,0.0,0.0,0,0,0,0
