Query,IsWarmup,Millis,PreMillis,JoinMillis,MatMillis,PostMillis,FilterMillis,IndexMillis,GroupByMillis,AggregateMillis,HavingMillis,OrderMillis,Tuples,Samples,Lookups,NrIndexEntries,nrUniqueLookups,NrPlans,JoinCard,AvgReward,MaxReward,TotalWork,DataSize,UctSize,StateSize,JoinSize
q21.sql,true,22024,2915,791,61,13,427,2488,0,0,0,0,0,2231,0,0,0,0,39445,0.0,0.0,0.0,0,0,0,0
q21.sql,false,2230,1761,455,10,4,415,1346,0,0,0,0,0,2217,0,0,0,0,39445,0.0,0.0,0.0,0,0,0,0
q20.sql,true,22,21,0,0,0,21,0,0,0,0,0,0,0,0,0,0,0,21999,0.0,0.0,0.0,0,0,0,0
q20.sql,true,806,150,0,0,656,150,0,0,0,0,0,0,0,0,0,0,0,9099165,0.0,0.0,0.0,0,0,0,0
q20.sql,true,1689,1129,536,24,0,0,1129,0,0,0,0,0,7633,0,0,0,0,59593,0.0,0.0,0.0,0,0,0,0
q20.sql,true,14,6,4,2,2,1,5,0,0,0,2,0,6,0,0,0,0,1800,0.0,0.0,0.0,0,0,0,0
q20.sql,false,20,20,0,0,0,20,0,0,0,0,0,0,0,0,0,0,0,21999,0.0,0.0,0.0,0,0,0,0
q20.sql,false,801,133,0,0,668,133,0,0,0,0,0,0,0,0,0,0,0,9099165,0.0,0.0,0.0,0,0,0,0
q20.sql,false,2553,1108,1422,23,0,0,1108,0,0,0,0,0,7684,0,0,0,0,59593,0.0,0.0,0.0,0,0,0,0
q20.sql,false,8,5,1,2,0,0,5,0,0,0,0,0,6,0,0,0,0,1800,0.0,0.0,0.0,0,0,0,0
q19.sql,true,1909,1471,416,2,19,301,1170,0,19,0,0,0,4097,0,0,0,0,1117,0.0,0.0,0.0,0,0,0,0
q19.sql,false,1283,1018,263,0,2,295,723,0,2,0,0,0,4111,0,0,0,0,1117,0.0,0.0,0.0,0,0,0,0
q18.sql,true,460,1,0,0,459,1,0,0,0,0,0,0,0,0,0,0,0,59986052,0.0,0.0,0.0,0,0,0,0
q18.sql,true,400,0,299,2,99,0,0,0,0,0,0,0,14501,0,0,0,0,693,0.0,0.0,0.0,0,0,0,0
q18.sql,false,455,0,0,0,455,0,0,0,0,0,0,0,0,0,0,0,0,59986052,0.0,0.0,0.0,0,0,0,0
q18.sql,false,276,0,273,1,1,0,0,0,0,0,0,0,14577,0,0,0,0,693,0.0,0.0,0.0,0,0,0,0
q17.sql,true,189,0,0,0,189,0,0,0,189,0,0,0,0,0,0,0,0,59986052,0.0,0.0,0.0,0,0,0,0
q17.sql,true,201,155,42,2,2,2,153,0,2,0,0,0,41,0,0,0,0,5380,0.0,0.0,0.0,0,0,0,0
q17.sql,false,62,0,0,0,62,0,0,0,62,0,0,0,0,0,0,0,0,59986052,0.0,0.0,0.0,0,0,0,0
q17.sql,false,157,146,7,2,1,5,141,0,1,0,0,0,114,0,0,0,0,5380,0.0,0.0,0.0,0,0,0,0
q16.sql,true,5,5,0,0,0,5,0,0,0,0,0,0,0,0,0,0,0,56,0.0,0.0,0.0,0,0,0,0
q16.sql,true,2569,0,1342,791,436,0,0,0,436,0,0,0,6794,0,0,0,0,7995520,0.0,0.0,0.0,0,0,0,0
q16.sql,false,5,5,0,0,0,5,0,0,0,0,0,0,0,0,0,0,0,56,0.0,0.0,0.0,0,0,0,0
q16.sql,false,1465,1,650,700,114,0,1,0,114,0,0,0,6528,0,0,0,0,7995520,0.0,0.0,0.0,0,0,0,0
q14.sql,true,708,148,69,247,244,123,25,0,244,0,0,0,989,0,0,0,0,772831,0.0,0.0,0.0,0,0,0,0
q14.sql,false,521,288,69,83,81,263,25,0,81,0,0,0,988,0,0,0,0,772831,0.0,0.0,0.0,0,0,0,0
q12.sql,true,298,84,33,56,125,82,2,5,101,19,0,0,401,0,0,0,0,311400,0.0,0.0,0.0,0,0,0,0
q12.sql,false,292,103,32,40,117,101,2,7,84,26,0,0,402,0,0,0,0,311400,0.0,0.0,0.0,0,0,0,0
q11.sql,true,130,0,23,69,38,0,0,0,38,0,0,0,127,0,0,0,0,320560,0.0,0.0,0.0,0,0,0,0
q11.sql,true,109,1,25,67,16,0,1,0,38,0,0,0,226,0,0,0,0,320560,0.0,0.0,0.0,0,0,0,0
q11.sql,false,114,1,23,51,39,1,0,0,39,0,0,0,126,0,0,0,0,320560,0.0,0.0,0.0,0,0,0,0
q11.sql,false,72,0,24,34,14,0,0,0,39,0,0,0,139,0,0,0,0,320560,0.0,0.0,0.0,0,0,0,0
q10.sql,true,902,157,164,193,388,80,77,0,0,0,0,0,2106,0,0,0,0,1120704,0.0,0.0,0.0,0,0,0,0
q10.sql,false,820,172,155,100,393,97,75,0,0,0,0,0,2129,0,0,0,0,1120704,0.0,0.0,0.0,0,0,0,0
q09.sql,false,1898,31,1007,770,89,31,0,0,0,0,0,0,15048,0,0,0,0,3264524,0.0,0.0,0.0,0,0,0,0
q08.sql,true,363,170,76,15,102,46,124,0,102,0,0,0,944,0,0,0,0,24064,0.0,0.0,0.0,0,0,0,0
q08.sql,true,10,0,0,0,9,0,0,2,5,2,0,0,0,0,0,0,0,24064,0.0,0.0,0.0,0,0,0,0
q08.sql,false,251,159,71,5,16,28,131,0,16,0,0,0,891,0,0,0,0,24064,0.0,0.0,0.0,0,0,0,0
q08.sql,false,13,0,0,0,13,0,0,6,4,3,0,0,0,0,0,0,0,24064,0.0,0.0,0.0,0,0,0,0
q07.sql,true,1146,657,455,7,27,154,503,0,27,0,0,0,4869,0,0,0,0,59996,0.0,0.0,0.0,0,0,0,0
q07.sql,true,2,0,0,0,1,0,0,0,27,0,0,0,0,0,0,0,0,59996,0.0,0.0,0.0,0,0,0,0
q07.sql,false,1106,654,410,9,33,145,509,0,33,0,0,0,4719,0,0,0,0,59996,0.0,0.0,0.0,0,0,0,0
q07.sql,false,2,0,0,0,1,0,0,0,33,0,0,0,0,0,0,0,0,59996,0.0,0.0,0.0,0,0,0,0
q06.sql,true,150,103,0,0,47,103,0,0,47,0,0,0,0,0,0,0,0,1140618,0.0,0.0,0.0,0,0,0,0
q06.sql,false,137,97,0,0,39,97,0,0,39,0,0,0,0,0,0,0,0,1140618,0.0,0.0,0.0,0,0,0,0
q05.sql,true,1827,76,1738,12,1,10,66,0,0,0,0,0,21256,0,0,0,0,72985,0.0,0.0,0.0,0,0,0,0
q05.sql,false,1112,78,1023,10,1,11,67,0,0,0,0,0,14340,0,0,0,0,72985,0.0,0.0,0.0,0,0,0,0
q04.sql,true,182,8,122,49,3,5,3,0,0,0,0,0,561,0,0,0,0,526571,0.0,0.0,0.0,0,0,0,0
q04.sql,false,135,8,76,48,2,5,3,0,0,0,0,0,561,0,0,0,0,526571,0.0,0.0,0.0,0,0,0,0
q03.sql,true,940,597,218,46,79,302,295,0,0,0,0,0,1941,0,0,0,0,304063,0.0,0.0,0.0,0,0,0,0
q03.sql,false,876,543,206,52,75,243,300,0,0,0,0,0,1912,0,0,0,0,304063,0.0,0.0,0.0,0,0,0,0
q02.sql,true,513,1,184,251,77,1,0,0,0,0,0,0,755,0,0,0,0,1603360,0.0,0.0,0.0,0,0,0,0
q02.sql,true,233,142,75,13,3,2,140,0,0,0,2,0,51,0,0,0,0,4830,0.0,0.0,0.0,0,0,0,0
q02.sql,false,627,1,212,337,77,0,1,0,0,0,0,0,817,0,0,0,0,1603360,0.0,0.0,0.0,0,0,0,0
q02.sql,false,160,149,8,1,2,2,147,0,0,0,2,0,78,0,0,0,0,4830,0.0,0.0,0.0,0,0,0,0
q01.sql,true,1382,674,0,0,707,674,0,0,0,0,0,0,0,0,0,0,0,59444244,0.0,0.0,0.0,0,0,0,0
q01.sql,false,1452,734,0,0,718,734,0,0,0,0,0,0,0,0,0,0,0,59444244,0.0,0.0,0.0,0,0,0,0
