Query,IsWarmup,Millis,PreMillis,JoinMillis,MatMillis,PostMillis,FilterMillis,IndexMillis,GroupByMillis,AggregateMillis,HavingMillis,OrderMillis,Tuples,Samples,Lookups,NrIndexEntries,nrUniqueLookups,NrPlans,JoinCard,AvgReward,MaxReward,TotalWork,DataSize,UctSize,StateSize,JoinSize
q21.sql,true,21833,2676,771,47,14,378,2298,0,0,0,0,0,861,0,0,0,0,39445,0.0,0.0,0.0,0,0,0,0
q21.sql,false,1598,1234,331,27,5,363,871,0,0,0,0,0,1070,0,0,0,0,39445,0.0,0.0,0.0,0,0,0,0
q20.sql,true,11,11,0,0,0,11,0,0,0,0,0,0,0,0,0,0,0,21999,0.0,0.0,0.0,0,0,0,0
q20.sql,true,1715,1305,0,0,410,1305,0,0,0,0,0,0,0,0,0,0,0,9099165,0.0,0.0,0.0,0,0,0,0
q20.sql,true,1526,990,517,19,0,0,990,0,0,0,0,0,2639,0,0,0,0,59593,0.0,0.0,0.0,0,0,0,0
q20.sql,true,14,6,5,2,1,1,5,0,0,0,1,0,10,0,0,0,0,1800,0.0,0.0,0.0,0,0,0,0
q20.sql,false,11,10,0,0,0,10,0,0,0,0,0,0,0,0,0,0,0,21999,0.0,0.0,0.0,0,0,0,0
q20.sql,false,437,48,0,0,389,48,0,0,0,0,0,0,0,0,0,0,0,9099165,0.0,0.0,0.0,0,0,0,0
q20.sql,false,1179,1031,128,20,0,0,1031,0,0,0,0,0,2668,0,0,0,0,59593,0.0,0.0,0.0,0,0,0,0
q20.sql,false,10,7,2,0,1,2,5,0,0,0,0,0,12,0,0,0,0,1800,0.0,0.0,0.0,0,0,0,0
q19.sql,true,2537,1472,1043,2,19,306,1166,0,19,0,0,0,951,0,0,0,0,1117,0.0,0.0,0.0,0,0,0,0
q19.sql,false,1123,1075,45,2,1,315,760,0,1,0,0,0,955,0,0,0,0,1117,0.0,0.0,0.0,0,0,0,0
q18.sql,true,423,0,0,0,423,0,0,0,0,0,0,0,0,0,0,0,0,59986052,0.0,0.0,0.0,0,0,0,0
q18.sql,true,114,0,106,1,6,0,0,0,0,0,0,0,5147,0,0,0,0,693,0.0,0.0,0.0,0,0,0,0
q18.sql,false,417,0,0,0,417,0,0,0,0,0,0,0,0,0,0,0,0,59986052,0.0,0.0,0.0,0,0,0,0
q18.sql,false,113,1,107,1,4,1,0,0,0,0,0,0,5202,0,0,0,0,693,0.0,0.0,0.0,0,0,0,0
q17.sql,true,217,0,0,0,217,0,0,0,217,0,0,0,0,0,0,0,0,59986052,0.0,0.0,0.0,0,0,0,0
q17.sql,true,188,155,28,3,2,2,153,0,2,0,0,0,18,0,0,0,0,5380,0.0,0.0,0.0,0,0,0,0
q17.sql,false,60,0,0,0,60,0,0,0,60,0,0,0,0,0,0,0,0,59986052,0.0,0.0,0.0,0,0,0,0
q17.sql,false,158,144,9,3,1,6,138,0,1,0,0,0,62,0,0,0,0,5380,0.0,0.0,0.0,0,0,0,0
q16.sql,true,4,4,0,0,0,4,0,0,0,0,0,0,0,0,0,0,0,56,0.0,0.0,0.0,0,0,0,0
q16.sql,true,1514,0,271,792,451,0,0,0,451,0,0,0,2558,0,0,0,0,7995520,0.0,0.0,0.0,0,0,0,0
q16.sql,false,4,4,0,0,0,4,0,0,0,0,0,0,0,0,0,0,0,56,0.0,0.0,0.0,0,0,0,0
q16.sql,false,986,0,245,623,118,0,0,0,118,0,0,0,2720,0,0,0,0,7995520,0.0,0.0,0.0,0,0,0,0
q14.sql,true,642,148,23,206,265,134,14,0,265,0,0,0,343,0,0,0,0,772831,0.0,0.0,0.0,0,0,0,0
q14.sql,false,329,85,23,131,90,72,13,0,90,0,0,0,346,0,0,0,0,772831,0.0,0.0,0.0,0,0,0,0
q12.sql,true,252,86,14,38,114,84,2,4,91,19,0,0,146,0,0,0,0,311400,0.0,0.0,0.0,0,0,0,0
q12.sql,false,227,69,13,34,111,67,2,6,95,10,0,0,146,0,0,0,0,311400,0.0,0.0,0.0,0,0,0,0
q11.sql,true,282,1,112,141,28,1,0,0,28,0,0,0,42,0,0,0,0,320560,0.0,0.0,0.0,0,0,0,0
q11.sql,true,229,1,191,28,9,1,0,0,28,0,0,0,45,0,0,0,0,320560,0.0,0.0,0.0,0,0,0,0
q11.sql,false,83,1,9,55,18,1,0,0,18,0,0,0,38,0,0,0,0,320560,0.0,0.0,0.0,0,0,0,0
q11.sql,false,68,2,8,49,9,2,0,0,18,0,0,0,46,0,0,0,0,320560,0.0,0.0,0.0,0,0,0,0
q10.sql,true,806,155,61,110,480,92,63,0,0,0,0,0,699,0,0,0,0,1120704,0.0,0.0,0.0,0,0,0,0
q10.sql,false,792,127,64,108,493,64,63,0,0,0,0,0,699,0,0,0,0,1120704,0.0,0.0,0.0,0,0,0,0
q09.sql,false,1504,15,474,988,26,15,0,0,0,0,0,0,5330,0,0,0,0,3264524,0.0,0.0,0.0,0,0,0,0
q08.sql,true,199,94,40,3,62,28,66,0,62,0,0,0,469,0,0,0,0,24064,0.0,0.0,0.0,0,0,0,0
q08.sql,true,10,0,0,0,10,0,0,2,6,2,0,0,0,0,0,0,0,24064,0.0,0.0,0.0,0,0,0,0
q08.sql,false,161,97,39,3,22,29,68,0,22,0,0,0,498,0,0,0,0,24064,0.0,0.0,0.0,0,0,0,0
q08.sql,false,10,0,0,0,10,0,0,3,4,3,0,0,0,0,0,0,0,24064,0.0,0.0,0.0,0,0,0,0
q07.sql,true,637,435,164,10,27,155,280,0,27,0,0,0,1251,0,0,0,0,59996,0.0,0.0,0.0,0,0,0,0
q07.sql,true,3,0,0,0,3,0,0,0,27,0,0,0,0,0,0,0,0,59996,0.0,0.0,0.0,0,0,0,0
q07.sql,false,676,440,182,13,41,148,292,0,41,0,0,0,1825,0,0,0,0,59996,0.0,0.0,0.0,0,0,0,0
q07.sql,false,2,0,0,0,1,0,0,0,41,0,0,0,0,0,0,0,0,59996,0.0,0.0,0.0,0,0,0,0
q06.sql,true,162,78,0,0,84,78,0,0,84,0,0,0,0,0,0,0,0,1140618,0.0,0.0,0.0,0,0,0,0
q06.sql,false,121,76,0,0,45,75,1,0,45,0,0,0,0,0,0,0,0,1140618,0.0,0.0,0.0,0,0,0,0
q05.sql,true,555,47,499,8,1,12,35,0,0,0,0,0,5495,0,0,0,0,72985,0.0,0.0,0.0,0,0,0,0
q05.sql,false,594,48,531,13,2,12,36,0,0,0,0,0,5963,0,0,0,0,72985,0.0,0.0,0.0,0,0,0,0
q04.sql,true,132,7,81,42,2,5,2,0,0,0,0,0,220,0,0,0,0,526571,0.0,0.0,0.0,0,0,0,0
q04.sql,false,101,7,31,61,2,5,2,0,0,0,0,0,222,0,0,0,0,526571,0.0,0.0,0.0,0,0,0,0
q03.sql,true,668,453,76,27,112,256,197,0,0,0,0,0,639,0,0,0,0,304063,0.0,0.0,0.0,0,0,0,0
q03.sql,false,693,477,73,28,115,273,204,0,0,0,0,0,634,0,0,0,0,304063,0.0,0.0,0.0,0,0,0,0
q02.sql,true,397,1,55,294,46,1,0,0,0,0,0,0,242,0,0,0,0,1603360,0.0,0.0,0.0,0,0,0,0
q02.sql,true,250,144,101,1,4,3,141,0,0,0,4,0,51,0,0,0,0,4830,0.0,0.0,0.0,0,0,0,0
q02.sql,false,241,1,60,134,46,1,0,0,0,0,0,0,229,0,0,0,0,1603360,0.0,0.0,0.0,0,0,0,0
q02.sql,false,154,145,4,1,4,4,141,0,0,0,3,0,54,0,0,0,0,4830,0.0,0.0,0.0,0,0,0,0
q01.sql,true,855,565,0,0,290,565,0,0,0,0,0,0,0,0,0,0,0,59444244,0.0,0.0,0.0,0,0,0,0
q01.sql,false,841,549,0,0,291,549,0,0,0,0,0,0,0,0,0,0,0,59444244,0.0,0.0,0.0,0,0,0,0
