Query,IsWarmup,Millis,PreMillis,JoinMillis,MatMillis,PostMillis,FilterMillis,IndexMillis,GroupByMillis,AggregateMillis,HavingMillis,OrderMillis,Tuples,Samples,Lookups,NrIndexEntries,nrUniqueLookups,NrPlans,JoinCard,AvgReward,MaxReward,TotalWork,DataSize,UctSize,StateSize,JoinSize
33c.sql,true,7304,276,64,22,1,54,222,0,1,0,0,0,73,0,0,0,0,114,0.0,0.0,0.0,0,0,0,0
33c.sql,false,147,102,30,15,0,35,67,0,0,0,0,0,47,0,0,0,0,114,0.0,0.0,0.0,0,0,0,0
33b.sql,true,88,72,15,1,0,45,27,0,0,0,0,0,26,0,0,0,0,4,0.0,0.0,0.0,0,0,0,0
33b.sql,false,58,43,14,0,0,16,27,0,0,0,0,0,27,0,0,0,0,4,0.0,0.0,0.0,0,0,0,0
33a.sql,true,77,63,12,2,0,28,35,0,0,0,0,0,24,0,0,0,0,8,0.0,0.0,0.0,0,0,0,0
33a.sql,false,106,62,30,14,0,28,34,0,0,0,0,0,89,0,0,0,0,8,0.0,0.0,0.0,0,0,0,0
32b.sql,true,133,0,124,8,1,0,0,0,1,0,0,0,300,0,0,0,0,4388,0.0,0.0,0.0,0,0,0,0
32b.sql,false,94,0,80,13,1,0,0,0,1,0,0,0,183,0,0,0,0,4388,0.0,0.0,0.0,0,0,0,0
32a.sql,true,1,0,1,0,0,0,0,0,0,0,0,0,1,0,0,0,0,0,0.0,0.0,0.0,0,0,0,0
32a.sql,false,1,0,1,0,0,0,0,0,0,0,0,0,1,0,0,0,0,0,0.0,0.0,0.0,0,0,0,0
31c.sql,true,488,462,22,3,1,375,87,0,1,0,0,0,360,0,0,0,0,2825,0.0,0.0,0.0,0,0,0,0
31c.sql,false,158,119,26,13,0,33,86,0,0,0,0,0,278,0,0,0,0,2825,0.0,0.0,0.0,0,0,0,0
31b.sql,true,244,240,2,1,0,141,99,0,0,0,0,0,18,0,0,0,0,84,0.0,0.0,0.0,0,0,0,0
31b.sql,false,229,225,3,0,1,136,89,0,1,0,0,0,20,0,0,0,0,84,0.0,0.0,0.0,0,0,0,0
31a.sql,true,143,133,8,1,1,47,86,0,1,0,0,0,170,0,0,0,0,1273,0.0,0.0,0.0,0,0,0,0
31a.sql,false,147,134,11,2,0,48,86,0,0,0,0,0,230,0,0,0,0,1273,0.0,0.0,0.0,0,0,0,0
30c.sql,true,220,135,77,7,1,45,90,0,1,0,0,0,1246,0,0,0,0,8024,0.0,0.0,0.0,0,0,0,0
30c.sql,false,196,137,53,5,1,46,91,0,1,0,0,0,766,0,0,0,0,8024,0.0,0.0,0.0,0,0,0,0
30b.sql,true,189,186,3,0,0,100,86,0,0,0,0,0,26,0,0,0,0,28,0.0,0.0,0.0,0,0,0,0
30b.sql,false,184,181,2,1,0,96,85,0,0,0,0,0,15,0,0,0,0,28,0.0,0.0,0.0,0,0,0,0
30a.sql,true,210,148,61,1,0,58,90,0,0,0,0,0,1207,0,0,0,0,757,0.0,0.0,0.0,0,0,0,0
30a.sql,false,185,149,34,1,0,59,90,0,0,0,0,0,727,0,0,0,0,757,0.0,0.0,0.0,0,0,0,0
29c.sql,true,1386,1268,108,10,0,1137,131,0,0,0,0,0,3618,0,0,0,0,16308,0.0,0.0,0.0,0,0,0,0
29c.sql,false,1191,1075,103,13,0,985,90,0,0,0,0,0,3503,0,0,0,0,16308,0.0,0.0,0.0,0,0,0,0
29b.sql,true,642,638,3,0,0,553,85,0,0,0,0,0,20,0,0,0,0,15,0.0,0.0,0.0,0,0,0,0
29b.sql,false,640,636,2,2,0,551,85,0,0,0,0,0,18,0,0,0,0,15,0.0,0.0,0.0,0,0,0,0
29a.sql,true,927,922,4,1,0,834,88,0,0,0,0,0,45,0,0,0,0,1620,0.0,0.0,0.0,0,0,0,0
29a.sql,false,1062,1050,10,1,0,962,88,0,0,0,0,0,227,0,0,0,0,1620,0.0,0.0,0.0,0,0,0,0
28c.sql,true,247,188,54,5,0,96,92,0,0,0,0,0,1234,0,0,0,0,8373,0.0,0.0,0.0,0,0,0,0
28c.sql,false,280,188,86,5,1,96,92,0,1,0,0,0,2319,0,0,0,0,8373,0.0,0.0,0.0,0,0,0,0
28b.sql,true,178,136,37,5,0,89,47,0,0,0,0,0,656,0,0,0,0,148,0.0,0.0,0.0,0,0,0,0
28b.sql,false,174,135,32,7,0,89,46,0,0,0,0,0,767,0,0,0,0,148,0.0,0.0,0.0,0,0,0,0
28a.sql,true,264,194,66,4,0,99,95,0,0,0,0,0,1535,0,0,0,0,4803,0.0,0.0,0.0,0,0,0,0
28a.sql,false,274,192,79,3,0,97,95,0,0,0,0,0,2154,0,0,0,0,4803,0.0,0.0,0.0,0,0,0,0
27c.sql,true,172,168,2,1,0,46,122,0,0,0,0,0,44,0,0,0,0,743,0.0,0.0,0.0,0,0,0,0
27c.sql,false,173,164,7,2,0,43,120,0,0,0,0,0,99,0,0,0,0,743,0.0,0.0,0.0,0,0,0,0
27b.sql,true,126,122,3,1,0,24,98,0,0,0,0,0,74,0,0,0,0,247,0.0,0.0,0.0,0,0,0,0
27b.sql,false,127,121,5,0,0,25,96,0,0,0,0,0,52,0,0,0,0,247,0.0,0.0,0.0,0,0,0,0
27a.sql,true,132,127,4,1,0,36,91,0,0,0,0,0,86,0,0,0,0,477,0.0,0.0,0.0,0,0,0,0
27a.sql,false,137,131,5,1,0,36,95,0,0,0,0,0,102,0,0,0,0,477,0.0,0.0,0.0,0,0,0,0
26c.sql,true,406,145,255,5,0,136,9,0,0,0,0,0,3259,0,0,0,0,5400,0.0,0.0,0.0,0,0,0,0
26c.sql,false,344,149,189,5,1,137,12,0,1,0,0,0,3818,0,0,0,0,5400,0.0,0.0,0.0,0,0,0,0
26b.sql,true,163,145,16,1,0,134,11,0,0,0,0,0,299,0,0,0,0,93,0.0,0.0,0.0,0,0,0,0
26b.sql,false,168,149,19,0,0,138,11,0,0,0,0,0,235,0,0,0,0,93,0.0,0.0,0.0,0,0,0,0
26a.sql,true,240,158,81,1,0,139,19,0,0,0,0,0,1493,0,0,0,0,1728,0.0,0.0,0.0,0,0,0,0
26a.sql,false,273,159,113,1,0,142,17,0,0,0,0,0,2179,0,0,0,0,1728,0.0,0.0,0.0,0,0,0,0
25c.sql,true,203,99,95,8,1,18,81,0,1,0,0,0,1296,0,0,0,0,26153,0.0,0.0,0.0,0,0,0,0
25c.sql,false,193,100,87,6,0,18,82,0,0,0,0,0,1199,0,0,0,0,26153,0.0,0.0,0.0,0,0,0,0
25b.sql,true,114,106,1,7,0,32,74,0,0,0,0,0,1,0,0,0,0,6,0.0,0.0,0.0,0,0,0,0
25b.sql,false,115,107,0,8,0,33,74,0,0,0,0,0,1,0,0,0,0,6,0.0,0.0,0.0,0,0,0,0
25a.sql,true,130,89,40,1,0,14,75,0,0,0,0,0,451,0,0,0,0,4407,0.0,0.0,0.0,0,0,0,0
25a.sql,false,127,88,38,1,0,15,73,0,0,0,0,0,409,0,0,0,0,4407,0.0,0.0,0.0,0,0,0,0
24b.sql,true,1083,1074,4,5,0,989,85,0,0,0,0,0,35,0,0,0,0,45,0.0,0.0,0.0,0,0,0,0
24b.sql,false,1093,1083,2,8,0,991,92,0,0,0,0,0,1,0,0,0,0,45,0.0,0.0,0.0,0,0,0,0
24a.sql,true,962,951,10,0,0,858,93,0,0,0,0,0,186,0,0,0,0,275,0.0,0.0,0.0,0,0,0,0
24a.sql,false,895,882,13,0,0,791,91,0,0,0,0,0,238,0,0,0,0,275,0.0,0.0,0.0,0,0,0,0
23c.sql,true,115,112,2,1,0,100,12,0,0,0,0,0,20,0,0,0,0,628,0.0,0.0,0.0,0,0,0,0
23c.sql,false,124,121,3,0,0,106,15,0,0,0,0,0,28,0,0,0,0,628,0.0,0.0,0.0,0,0,0,0
23b.sql,true,110,98,3,8,0,79,19,0,0,0,0,0,37,0,0,0,0,16,0.0,0.0,0.0,0,0,0,0
23b.sql,false,101,98,3,0,0,83,15,0,0,0,0,0,28,0,0,0,0,16,0.0,0.0,0.0,0,0,0,0
23a.sql,true,124,118,5,1,0,99,19,0,0,0,0,0,67,0,0,0,0,618,0.0,0.0,0.0,0,0,0,0
23a.sql,false,115,111,4,0,0,97,14,0,0,0,0,0,42,0,0,0,0,618,0.0,0.0,0.0,0,0,0,0
22d.sql,true,358,118,203,36,0,38,80,0,0,0,0,0,4725,0,0,0,0,46281,0.0,0.0,0.0,0,0,0,0
22d.sql,false,193,118,63,12,0,36,82,0,0,0,0,0,1286,0,0,0,0,46281,0.0,0.0,0.0,0,0,0,0
22c.sql,true,251,209,37,5,0,101,108,0,0,0,0,0,606,0,0,0,0,21489,0.0,0.0,0.0,0,0,0,0
22c.sql,false,240,203,32,5,0,101,102,0,0,0,0,0,599,0,0,0,0,21489,0.0,0.0,0.0,0,0,0,0
22b.sql,true,204,184,20,0,0,92,92,0,0,0,0,0,274,0,0,0,0,31,0.0,0.0,0.0,0,0,0,0
22b.sql,false,203,181,21,1,0,91,90,0,0,0,0,0,255,0,0,0,0,31,0.0,0.0,0.0,0,0,0,0
22a.sql,true,202,179,22,1,0,91,88,0,0,0,0,0,327,0,0,0,0,2851,0.0,0.0,0.0,0,0,0,0
22a.sql,false,204,180,23,1,0,91,89,0,0,0,0,0,410,0,0,0,0,2851,0.0,0.0,0.0,0,0,0,0
21c.sql,true,177,167,9,1,0,43,124,0,0,0,0,0,127,0,0,0,0,1874,0.0,0.0,0.0,0,0,0,0
21c.sql,false,172,162,9,0,0,40,122,0,0,0,0,0,122,0,0,0,0,1874,0.0,0.0,0.0,0,0,0,0
21b.sql,true,138,133,5,0,0,35,98,0,0,0,0,0,55,0,0,0,0,38,0.0,0.0,0.0,0,0,0,0
21b.sql,false,135,129,6,0,0,38,91,0,0,0,0,0,56,0,0,0,0,38,0.0,0.0,0.0,0,0,0,0
21a.sql,true,133,126,6,1,0,37,89,0,0,0,0,0,81,0,0,0,0,1410,0.0,0.0,0.0,0,0,0,0
21a.sql,false,160,152,7,1,0,41,111,0,0,0,0,0,91,0,0,0,0,1410,0.0,0.0,0.0,0,0,0,0
20c.sql,true,246,148,96,1,1,134,14,0,1,0,0,0,2364,0,0,0,0,5406,0.0,0.0,0.0,0,0,0,0
20c.sql,false,260,144,114,2,0,133,11,0,0,0,0,0,2030,0,0,0,0,5406,0.0,0.0,0.0,0,0,0,0
20b.sql,true,420,416,1,3,0,409,7,0,0,0,0,0,1,0,0,0,0,17,0.0,0.0,0.0,0,0,0,0
20b.sql,false,423,414,6,3,0,402,12,0,0,0,0,0,113,0,0,0,0,17,0.0,0.0,0.0,0,0,0,0
20a.sql,true,292,287,4,0,0,271,16,0,0,0,0,0,48,0,0,0,0,33,0.0,0.0,0.0,0,0,0,0
20a.sql,false,300,287,9,3,0,270,17,0,0,0,0,0,123,0,0,0,0,33,0.0,0.0,0.0,0,0,0,0
19d.sql,true,2188,98,1675,401,14,25,73,0,14,0,0,0,21710,0,0,0,0,1760645,0.0,0.0,0.0,0,0,0,0
19d.sql,false,2219,100,1756,348,15,26,74,0,15,0,0,0,32659,0,0,0,0,1760645,0.0,0.0,0.0,0,0,0,0
19c.sql,true,910,875,28,7,0,781,94,0,0,0,0,0,367,0,0,0,0,3575,0.0,0.0,0.0,0,0,0,0
19c.sql,false,1144,1088,48,8,0,994,94,0,0,0,0,0,1055,0,0,0,0,3575,0.0,0.0,0.0,0,0,0,0
19b.sql,true,1018,1012,0,6,0,934,78,0,0,0,0,0,1,0,0,0,0,15,0.0,0.0,0.0,0,0,0,0
19b.sql,false,947,940,0,7,0,862,78,0,0,0,0,0,1,0,0,0,0,15,0.0,0.0,0.0,0,0,0,0
19a.sql,true,1177,1167,4,6,0,1035,132,0,0,0,0,0,45,0,0,0,0,184,0.0,0.0,0.0,0,0,0,0
19a.sql,false,1186,1176,4,6,0,1046,130,0,0,0,0,0,46,0,0,0,0,184,0.0,0.0,0.0,0,0,0,0
18c.sql,true,200,94,102,4,0,14,80,0,0,0,0,0,1324,0,0,0,0,28073,0.0,0.0,0.0,0,0,0,0
18c.sql,false,197,92,100,4,1,13,79,0,1,0,0,0,1335,0,0,0,0,28073,0.0,0.0,0.0,0,0,0,0
18b.sql,true,113,105,7,1,0,28,77,0,0,0,0,0,62,0,0,0,0,11,0.0,0.0,0.0,0,0,0,0
18b.sql,false,113,105,8,0,0,28,77,0,0,0,0,0,96,0,0,0,0,11,0.0,0.0,0.0,0,0,0,0
18a.sql,true,208,178,22,8,0,42,136,0,0,0,0,0,309,0,0,0,0,410,0.0,0.0,0.0,0,0,0,0
18a.sql,false,203,177,19,7,0,42,135,0,0,0,0,0,272,0,0,0,0,410,0.0,0.0,0.0,0,0,0,0
17f.sql,true,797,73,551,168,5,72,1,0,5,0,0,0,10297,0,0,0,0,1113120,0.0,0.0,0.0,0,0,0,0
17f.sql,false,812,69,572,167,4,68,1,0,4,0,0,0,8989,0,0,0,0,1113120,0.0,0.0,0.0,0,0,0,0
17e.sql,true,1946,3,1124,808,11,1,2,0,11,0,0,0,12572,0,0,0,0,2832555,0.0,0.0,0.0,0,0,0,0
17e.sql,false,1858,3,1130,713,12,1,2,0,12,0,0,0,12259,0,0,0,0,2832555,0.0,0.0,0.0,0,0,0,0
17d.sql,true,104,67,34,3,0,67,0,0,0,0,0,0,906,0,0,0,0,11538,0.0,0.0,0.0,0,0,0,0
17d.sql,false,622,65,553,4,0,64,1,0,0,0,0,0,13718,0,0,0,0,11538,0.0,0.0,0.0,0,0,0,0
17c.sql,true,355,63,288,4,0,63,0,0,0,0,0,0,12095,0,0,0,0,1918,0.0,0.0,0.0,0,0,0,0
17c.sql,false,79,66,12,1,0,66,0,0,0,0,0,0,323,0,0,0,0,1918,0.0,0.0,0.0,0,0,0,0
17b.sql,true,362,61,282,18,1,61,0,0,1,0,0,0,4824,0,0,0,0,52306,0.0,0.0,0.0,0,0,0,0
17b.sql,false,1686,63,1612,10,0,62,1,0,0,0,0,0,51056,0,0,0,0,52306,0.0,0.0,0.0,0,0,0,0
17a.sql,true,468,67,364,33,3,65,2,0,3,0,0,0,5788,0,0,0,0,258289,0.0,0.0,0.0,0,0,0,0
17a.sql,false,548,67,422,57,2,64,3,0,2,0,0,0,5589,0,0,0,0,258289,0.0,0.0,0.0,0,0,0,0
16d.sql,true,157,17,107,31,2,14,3,0,2,0,0,0,1977,0,0,0,0,249455,0.0,0.0,0.0,0,0,0,0
16d.sql,false,206,17,130,57,2,14,3,0,2,0,0,0,2611,0,0,0,0,249455,0.0,0.0,0.0,0,0,0,0
16c.sql,true,230,15,140,72,3,11,4,0,3,0,0,0,2481,0,0,0,0,319932,0.0,0.0,0.0,0,0,0,0
16c.sql,false,199,15,134,47,3,11,4,0,3,0,0,0,2297,0,0,0,0,319932,0.0,0.0,0.0,0,0,0,0
16b.sql,true,2842,2,1920,889,31,0,2,0,31,0,0,0,21894,0,0,0,0,3710592,0.0,0.0,0.0,0,0,0,0
16b.sql,false,2630,3,1769,827,31,1,2,0,31,0,0,0,22674,0,0,0,0,3710592,0.0,0.0,0.0,0,0,0,0
16a.sql,true,31,10,16,5,0,7,3,0,0,0,0,0,336,0,0,0,0,385,0.0,0.0,0.0,0,0,0,0
16a.sql,false,30,10,18,0,1,7,3,0,1,0,0,0,349,0,0,0,0,385,0.0,0.0,0.0,0,0,0,0
15d.sql,true,77,68,6,3,0,62,6,0,0,0,0,0,117,0,0,0,0,11347,0.0,0.0,0.0,0,0,0,0
15d.sql,false,79,66,10,3,0,60,6,0,0,0,0,0,230,0,0,0,0,11347,0.0,0.0,0.0,0,0,0,0
15c.sql,true,101,98,3,0,0,94,4,0,0,0,0,0,36,0,0,0,0,2271,0.0,0.0,0.0,0,0,0,0
15c.sql,false,105,102,3,0,0,97,5,0,0,0,0,0,47,0,0,0,0,2271,0.0,0.0,0.0,0,0,0,0
15b.sql,true,158,151,0,7,0,144,7,0,0,0,0,0,1,0,0,0,0,37,0.0,0.0,0.0,0,0,0,0
15b.sql,false,155,149,1,5,0,141,8,0,0,0,0,0,1,0,0,0,0,37,0.0,0.0,0.0,0,0,0,0
15a.sql,true,150,148,2,0,0,138,10,0,0,0,0,0,21,0,0,0,0,328,0.0,0.0,0.0,0,0,0,0
15a.sql,false,150,148,2,0,0,138,10,0,0,0,0,0,20,0,0,0,0,328,0.0,0.0,0.0,0,0,0,0
14c.sql,true,122,101,20,1,0,25,76,0,0,0,0,0,319,0,0,0,0,4115,0.0,0.0,0.0,0,0,0,0
14c.sql,false,121,99,21,1,0,25,74,0,0,0,0,0,336,0,0,0,0,4115,0.0,0.0,0.0,0,0,0,0
14b.sql,true,82,76,1,4,1,35,41,0,0,0,0,0,1,0,0,0,0,1,0.0,0.0,0.0,0,0,0,0
14b.sql,false,80,75,0,5,0,35,40,0,0,0,0,0,1,0,0,0,0,1,0.0,0.0,0.0,0,0,0,0
14a.sql,true,103,86,16,1,0,19,67,0,0,0,0,0,224,0,0,0,0,761,0.0,0.0,0.0,0,0,0,0
14a.sql,false,105,88,17,0,0,19,69,0,0,0,0,0,226,0,0,0,0,761,0.0,0.0,0.0,0,0,0,0
13d.sql,true,1222,3,1116,94,9,2,1,0,9,0,0,0,23056,0,0,0,0,670390,0.0,0.0,0.0,0,0,0,0
13d.sql,false,1045,3,937,97,8,1,2,0,8,0,0,0,21329,0,0,0,0,670390,0.0,0.0,0.0,0,0,0,0
13c.sql,true,83,74,1,8,0,72,2,0,0,0,0,0,23,0,0,0,0,53,0.0,0.0,0.0,0,0,0,0
13c.sql,false,79,72,1,6,0,70,2,0,0,0,0,0,1,0,0,0,0,53,0.0,0.0,0.0,0,0,0,0
13b.sql,true,76,74,2,0,0,72,2,0,0,0,0,0,22,0,0,0,0,372,0.0,0.0,0.0,0,0,0,0
13b.sql,false,81,79,2,0,0,77,2,0,0,0,0,0,28,0,0,0,0,372,0.0,0.0,0.0,0,0,0,0
13a.sql,true,230,2,164,62,2,1,1,0,2,0,0,0,3006,0,0,0,0,111101,0.0,0.0,0.0,0,0,0,0
13a.sql,false,187,1,168,17,1,1,0,0,1,0,0,0,3036,0,0,0,0,111101,0.0,0.0,0.0,0,0,0,0
12c.sql,true,118,47,70,1,0,21,26,0,0,0,0,0,855,0,0,0,0,4711,0.0,0.0,0.0,0,0,0,0
12c.sql,false,134,47,80,7,0,23,24,0,0,0,0,0,1185,0,0,0,0,4711,0.0,0.0,0.0,0,0,0,0
12b.sql,true,60,53,1,6,0,51,2,0,0,0,0,0,19,0,0,0,0,10,0.0,0.0,0.0,0,0,0,0
12b.sql,false,57,51,0,6,0,49,2,0,0,0,0,0,1,0,0,0,0,10,0.0,0.0,0.0,0,0,0,0
12a.sql,true,44,36,7,0,0,19,17,0,0,0,0,0,79,0,0,0,0,397,0.0,0.0,0.0,0,0,0,0
12a.sql,false,44,37,7,0,0,20,17,0,0,0,0,0,78,0,0,0,0,397,0.0,0.0,0.0,0,0,0,0
11d.sql,true,149,119,22,8,0,26,93,0,0,0,0,0,442,0,0,0,0,14899,0.0,0.0,0.0,0,0,0,0
11d.sql,false,173,115,50,8,0,26,89,0,0,0,0,0,1601,0,0,0,0,14899,0.0,0.0,0.0,0,0,0,0
11c.sql,true,140,120,19,1,0,33,87,0,0,0,0,0,358,0,0,0,0,6946,0.0,0.0,0.0,0,0,0,0
11c.sql,false,184,129,47,8,0,33,96,0,0,0,0,0,1698,0,0,0,0,6946,0.0,0.0,0.0,0,0,0,0
11b.sql,true,124,118,0,5,1,24,94,0,1,0,0,0,1,0,0,0,0,14,0.0,0.0,0.0,0,0,0,0
11b.sql,false,124,118,0,6,0,23,95,0,0,0,0,0,1,0,0,0,0,14,0.0,0.0,0.0,0,0,0,0
11a.sql,true,130,122,2,6,0,34,88,0,0,0,0,0,42,0,0,0,0,310,0.0,0.0,0.0,0,0,0,0
11a.sql,false,128,121,2,5,0,33,88,0,0,0,0,0,30,0,0,0,0,310,0.0,0.0,0.0,0,0,0,0
10c.sql,true,383,279,100,3,1,187,92,0,1,0,0,0,5868,0,0,0,0,10,0.0,0.0,0.0,0,0,0,0
10c.sql,false,383,281,99,3,0,187,94,0,0,0,0,0,5829,0,0,0,0,10,0.0,0.0,0.0,0,0,0,0
10b.sql,true,270,269,0,1,0,180,89,0,0,0,0,0,1,0,0,0,0,0,0.0,0.0,0.0,0,0,0,0
10b.sql,false,269,268,1,0,0,179,89,0,0,0,0,0,1,0,0,0,0,0,0.0,0.0,0.0,0,0,0,0
10a.sql,true,209,205,4,0,0,199,6,0,0,0,0,0,47,0,0,0,0,104,0.0,0.0,0.0,0,0,0,0
10a.sql,false,206,201,5,0,0,196,5,0,0,0,0,0,49,0,0,0,0,104,0.0,0.0,0.0,0,0,0,0
09d.sql,true,456,83,302,63,8,12,71,0,8,0,0,0,7300,0,0,0,0,483082,0.0,0.0,0.0,0,0,0,0
09d.sql,false,513,84,342,79,8,12,72,0,8,0,0,0,7833,0,0,0,0,483082,0.0,0.0,0.0,0,0,0,0
09c.sql,true,141,101,29,11,0,29,72,0,0,0,0,0,357,0,0,0,0,8144,0.0,0.0,0.0,0,0,0,0
09c.sql,false,157,100,47,10,0,28,72,0,0,0,0,0,846,0,0,0,0,8144,0.0,0.0,0.0,0,0,0,0
09b.sql,true,196,185,3,8,0,109,76,0,0,0,0,0,34,0,0,0,0,40,0.0,0.0,0.0,0,0,0,0
09b.sql,false,198,188,3,7,0,111,77,0,0,0,0,0,37,0,0,0,0,40,0.0,0.0,0.0,0,0,0,0
09a.sql,true,222,212,5,5,0,97,115,0,0,0,0,0,67,0,0,0,0,121,0.0,0.0,0.0,0,0,0,0
09a.sql,false,217,208,4,5,0,96,112,0,0,0,0,0,46,0,0,0,0,121,0.0,0.0,0.0,0,0,0,0
08d.sql,true,293,2,247,41,3,1,1,0,3,0,0,0,4953,0,0,0,0,323005,0.0,0.0,0.0,0,0,0,0
08d.sql,false,313,2,251,58,2,0,2,0,2,0,0,0,5108,0,0,0,0,323005,0.0,0.0,0.0,0,0,0,0
08c.sql,true,2985,3,2591,370,21,1,2,0,21,0,0,0,48619,0,0,0,0,2487611,0.0,0.0,0.0,0,0,0,0
08c.sql,false,3319,2,2710,586,21,0,2,0,21,0,0,0,40375,0,0,0,0,2487611,0.0,0.0,0.0,0,0,0,0
08b.sql,true,149,144,0,5,0,136,8,0,0,0,0,0,1,0,0,0,0,6,0.0,0.0,0.0,0,0,0,0
08b.sql,false,148,142,1,5,0,135,7,0,0,0,0,0,1,0,0,0,0,6,0.0,0.0,0.0,0,0,0,0
08a.sql,true,124,115,9,0,0,104,11,0,0,0,0,0,98,0,0,0,0,62,0.0,0.0,0.0,0,0,0,0
08a.sql,false,137,123,9,5,0,113,10,0,0,0,0,0,105,0,0,0,0,62,0.0,0.0,0.0,0,0,0,0
07c.sql,true,500,109,365,26,0,76,33,0,0,0,0,0,8629,0,0,0,0,68185,0.0,0.0,0.0,0,0,0,0
07c.sql,false,314,109,190,15,0,77,32,0,0,0,0,0,5641,0,0,0,0,68185,0.0,0.0,0.0,0,0,0,0
07b.sql,true,77,71,1,5,0,43,28,0,0,0,0,0,1,0,0,0,0,16,0.0,0.0,0.0,0,0,0,0
07b.sql,false,75,69,1,5,0,41,28,0,0,0,0,0,1,0,0,0,0,16,0.0,0.0,0.0,0,0,0,0
07a.sql,true,90,88,2,0,0,62,26,0,0,0,0,0,19,0,0,0,0,32,0.0,0.0,0.0,0,0,0,0
07a.sql,false,91,89,1,1,0,62,27,0,0,0,0,0,23,0,0,0,0,32,0.0,0.0,0.0,0,0,0,0
06f.sql,true,665,15,444,195,11,13,2,0,11,0,0,0,4057,0,0,0,0,785477,0.0,0.0,0.0,0,0,0,0
06f.sql,false,671,14,478,168,11,12,2,0,11,0,0,0,4016,0,0,0,0,785477,0.0,0.0,0.0,0,0,0,0
06e.sql,true,144,138,1,5,0,136,2,0,0,0,0,0,27,0,0,0,0,6,0.0,0.0,0.0,0,0,0,0
06e.sql,false,141,135,1,5,0,133,2,0,0,0,0,0,22,0,0,0,0,6,0.0,0.0,0.0,0,0,0,0
06d.sql,true,140,134,1,5,0,131,3,0,0,0,0,0,1,0,0,0,0,88,0.0,0.0,0.0,0,0,0,0
06d.sql,false,140,134,1,5,0,131,3,0,0,0,0,0,27,0,0,0,0,88,0.0,0.0,0.0,0,0,0,0
06c.sql,true,124,119,0,5,0,119,0,0,0,0,0,0,1,0,0,0,0,2,0.0,0.0,0.0,0,0,0,0
06c.sql,false,123,117,0,6,0,117,0,0,0,0,0,0,1,0,0,0,0,2,0.0,0.0,0.0,0,0,0,0
06b.sql,true,121,115,1,5,0,115,0,0,0,0,0,0,1,0,0,0,0,12,0.0,0.0,0.0,0,0,0,0
06b.sql,false,122,117,0,5,0,117,0,0,0,0,0,0,1,0,0,0,0,12,0.0,0.0,0.0,0,0,0,0
06a.sql,true,128,122,1,5,0,121,1,0,0,0,0,0,1,0,0,0,0,6,0.0,0.0,0.0,0,0,0,0
06a.sql,false,128,122,1,5,0,121,1,0,0,0,0,0,1,0,0,0,0,6,0.0,0.0,0.0,0,0,0,0
05c.sql,true,120,115,1,3,1,74,41,0,1,0,0,0,15,0,0,0,0,669,0.0,0.0,0.0,0,0,0,0
05c.sql,false,117,113,1,3,0,74,39,0,0,0,0,0,14,0,0,0,0,669,0.0,0.0,0.0,0,0,0,0
05b.sql,true,74,74,0,0,0,51,23,0,0,0,0,0,1,0,0,0,0,0,0.0,0.0,0.0,0,0,0,0
05b.sql,false,73,73,0,0,0,51,22,0,0,0,0,0,1,0,0,0,0,0,0.0,0.0,0.0,0,0,0,0
05a.sql,true,64,63,1,0,0,55,8,0,0,0,0,0,1,0,0,0,0,0,0.0,0.0,0.0,0,0,0,0
05a.sql,false,64,64,0,0,0,55,9,0,0,0,0,0,1,0,0,0,0,0,0.0,0.0,0.0,0,0,0,0
04c.sql,true,66,50,10,6,0,22,28,0,0,0,0,0,171,0,0,0,0,4700,0.0,0.0,0.0,0,0,0,0
04c.sql,false,64,48,9,7,0,22,26,0,0,0,0,0,163,0,0,0,0,4700,0.0,0.0,0.0,0,0,0,0
04b.sql,true,17,12,0,5,0,9,3,0,0,0,0,0,1,0,0,0,0,6,0.0,0.0,0.0,0,0,0,0
04b.sql,false,18,12,1,5,0,10,2,0,0,0,0,0,1,0,0,0,0,6,0.0,0.0,0.0,0,0,0,0
04a.sql,true,44,38,5,0,1,19,19,0,1,0,0,0,76,0,0,0,0,740,0.0,0.0,0.0,0,0,0,0
04a.sql,false,51,36,10,5,0,18,18,0,0,0,0,0,203,0,0,0,0,740,0.0,0.0,0.0,0,0,0,0
03c.sql,true,56,47,7,2,0,20,27,0,0,0,0,0,95,0,0,0,0,7250,0.0,0.0,0.0,0,0,0,0
03c.sql,false,54,46,6,2,0,20,26,0,0,0,0,0,99,0,0,0,0,7250,0.0,0.0,0.0,0,0,0,0
03b.sql,true,13,10,0,3,0,9,1,0,0,0,0,0,1,0,0,0,0,5,0.0,0.0,0.0,0,0,0,0
03b.sql,false,14,10,1,3,0,9,1,0,0,0,0,0,28,0,0,0,0,5,0.0,0.0,0.0,0,0,0,0
03a.sql,true,27,21,6,0,0,15,6,0,0,0,0,0,67,0,0,0,0,206,0.0,0.0,0.0,0,0,0,0
03a.sql,false,27,21,5,1,0,15,6,0,0,0,0,0,69,0,0,0,0,206,0.0,0.0,0.0,0,0,0,0
02d.sql,true,60,2,48,10,0,1,1,0,0,0,0,0,700,0,0,0,0,68316,0.0,0.0,0.0,0,0,0,0
02d.sql,false,64,2,47,14,1,0,2,0,1,0,0,0,697,0,0,0,0,68316,0.0,0.0,0.0,0,0,0,0
02c.sql,true,1,1,0,0,0,1,0,0,0,0,0,0,1,0,0,0,0,0,0.0,0.0,0.0,0,0,0,0
02c.sql,false,1,1,0,0,0,1,0,0,0,0,0,0,1,0,0,0,0,0,0.0,0.0,0.0,0,0,0,0
02b.sql,true,45,1,43,1,0,1,0,0,0,0,0,0,846,0,0,0,0,5228,0.0,0.0,0.0,0,0,0,0
02b.sql,false,43,1,41,1,0,1,0,0,0,0,0,0,863,0,0,0,0,5228,0.0,0.0,0.0,0,0,0,0
02a.sql,true,35,1,33,1,0,1,0,0,0,0,0,0,620,0,0,0,0,7834,0.0,0.0,0.0,0,0,0,0
02a.sql,false,31,1,29,1,0,0,1,0,0,0,0,0,564,0,0,0,0,7834,0.0,0.0,0.0,0,0,0,0
01d.sql,true,85,77,1,7,0,30,47,0,0,0,0,0,1,0,0,0,0,4,0.0,0.0,0.0,0,0,0,0
01d.sql,false,78,71,0,7,0,29,42,0,0,0,0,0,1,0,0,0,0,4,0.0,0.0,0.0,0,0,0,0
01c.sql,true,52,44,1,7,0,42,2,0,0,0,0,0,18,0,0,0,0,3,0.0,0.0,0.0,0,0,0,0
01c.sql,false,51,43,1,7,0,41,2,0,0,0,0,0,9,0,0,0,0,3,0.0,0.0,0.0,0,0,0,0
01b.sql,true,84,77,0,7,0,32,45,0,0,0,0,0,1,0,0,0,0,3,0.0,0.0,0.0,0,0,0,0
01b.sql,false,79,72,0,7,0,33,39,0,0,0,0,0,1,0,0,0,0,3,0.0,0.0,0.0,0,0,0,0
01a.sql,true,68,60,1,7,0,59,1,0,0,0,0,0,1,0,0,0,0,142,0.0,0.0,0.0,0,0,0,0
01a.sql,false,66,59,0,7,0,57,2,0,0,0,0,0,1,0,0,0,0,142,0.0,0.0,0.0,0,0,0,0
