Query,IsWarmup,Millis,PreMillis,JoinMillis,MatMillis,PostMillis,FilterMillis,IndexMillis,GroupByMillis,AggregateMillis,HavingMillis,OrderMillis,Tuples,Samples,Lookups,NrIndexEntries,nrUniqueLookups,NrPlans,JoinCard,AvgReward,MaxReward,TotalWork,DataSize,UctSize,StateSize,JoinSize
33c.sql,true,7533,431,101,21,1,47,384,0,0,0,0,0,35,0,0,0,0,114,0.0,0.0,0.0,0,0,0,0
33c.sql,false,158,69,88,1,0,28,41,0,0,0,0,0,43,0,0,0,0,114,0.0,0.0,0.0,0,0,0,0
33b.sql,true,121,66,41,13,0,46,20,0,0,0,0,0,1,0,0,0,0,4,0.0,0.0,0.0,0,0,0,0
33b.sql,false,84,36,47,1,0,16,20,0,0,0,0,0,22,0,0,0,0,4,0.0,0.0,0.0,0,0,0,0
33a.sql,true,105,48,55,2,0,22,26,0,0,0,0,0,38,0,0,0,0,8,0.0,0.0,0.0,0,0,0,0
33a.sql,false,109,49,59,1,0,23,26,0,0,0,0,0,36,0,0,0,0,8,0.0,0.0,0.0,0,0,0,0
32b.sql,true,239,1,228,9,1,1,0,0,1,0,0,0,137,0,0,0,0,4388,0.0,0.0,0.0,0,0,0,0
32b.sql,false,23,0,17,5,1,0,0,0,1,0,0,0,148,0,0,0,0,4388,0.0,0.0,0.0,0,0,0,0
32a.sql,true,2,1,0,0,1,1,0,0,1,0,0,0,1,0,0,0,0,0,0.0,0.0,0.0,0,0,0,0
32a.sql,false,1,0,0,0,0,0,0,0,0,0,0,0,1,0,0,0,0,0,0.0,0.0,0.0,0,0,0,0
31c.sql,true,354,341,11,2,0,287,54,0,0,0,0,0,152,0,0,0,0,2825,0.0,0.0,0.0,0,0,0,0
31c.sql,false,144,95,34,14,1,41,54,0,1,0,0,0,168,0,0,0,0,2825,0.0,0.0,0.0,0,0,0,0
31b.sql,true,189,170,8,10,0,102,68,0,0,0,0,0,17,0,0,0,0,84,0.0,0.0,0.0,0,0,0,0
31b.sql,false,157,153,3,1,0,95,58,0,0,0,0,0,17,0,0,0,0,84,0.0,0.0,0.0,0,0,0,0
31a.sql,true,110,100,8,2,0,45,55,0,0,0,0,0,99,0,0,0,0,1273,0.0,0.0,0.0,0,0,0,0
31a.sql,false,110,101,6,2,1,45,56,0,1,0,0,0,87,0,0,0,0,1273,0.0,0.0,0.0,0,0,0,0
30c.sql,true,146,102,34,10,0,44,58,0,0,0,0,0,385,0,0,0,0,8024,0.0,0.0,0.0,0,0,0,0
30c.sql,false,208,103,95,9,1,45,58,0,1,0,0,0,359,0,0,0,0,8024,0.0,0.0,0.0,0,0,0,0
30b.sql,true,133,128,3,1,0,73,55,0,0,0,0,0,15,0,0,0,0,28,0.0,0.0,0.0,0,0,0,0
30b.sql,false,132,128,4,0,0,72,56,0,0,0,0,0,32,0,0,0,0,28,0.0,0.0,0.0,0,0,0,0
30a.sql,true,642,115,527,0,0,57,58,0,0,0,0,0,291,0,0,0,0,757,0.0,0.0,0.0,0,0,0,0
30a.sql,false,97,67,28,1,0,24,43,0,0,0,0,0,406,0,0,0,0,757,0.0,0.0,0.0,0,0,0,0
29c.sql,true,1021,983,23,15,0,846,137,0,0,0,0,0,529,0,0,0,0,16308,0.0,0.0,0.0,0,0,0,0
29c.sql,false,864,731,119,13,1,677,54,0,1,0,0,0,3787,0,0,0,0,16308,0.0,0.0,0.0,0,0,0,0
29b.sql,true,450,446,3,0,0,397,49,0,0,0,0,0,14,0,0,0,0,15,0.0,0.0,0.0,0,0,0,0
29b.sql,false,447,442,4,0,0,392,50,0,0,0,0,0,22,0,0,0,0,15,0.0,0.0,0.0,0,0,0,0
29a.sql,true,736,731,4,1,0,680,51,0,0,0,0,0,19,0,0,0,0,1620,0.0,0.0,0.0,0,0,0,0
29a.sql,false,728,722,4,2,0,669,53,0,0,0,0,0,20,0,0,0,0,1620,0.0,0.0,0.0,0,0,0,0
28c.sql,true,224,120,94,9,0,62,58,0,0,0,0,0,2031,0,0,0,0,8373,0.0,0.0,0.0,0,0,0,0
28c.sql,false,149,119,22,7,1,60,59,0,1,0,0,0,452,0,0,0,0,8373,0.0,0.0,0.0,0,0,0,0
28b.sql,true,120,85,34,1,0,54,31,0,0,0,0,0,422,0,0,0,0,148,0.0,0.0,0.0,0,0,0,0
28b.sql,false,105,87,17,1,0,55,32,0,0,0,0,0,262,0,0,0,0,148,0.0,0.0,0.0,0,0,0,0
28a.sql,true,163,125,35,3,0,66,59,0,0,0,0,0,1076,0,0,0,0,4803,0.0,0.0,0.0,0,0,0,0
28a.sql,false,190,124,62,4,0,65,59,0,0,0,0,0,2106,0,0,0,0,4803,0.0,0.0,0.0,0,0,0,0
27c.sql,true,118,114,3,1,0,36,78,0,0,0,0,0,43,0,0,0,0,743,0.0,0.0,0.0,0,0,0,0
27c.sql,false,118,112,5,1,0,37,75,0,0,0,0,0,55,0,0,0,0,743,0.0,0.0,0.0,0,0,0,0
27b.sql,true,85,82,2,1,0,21,61,0,0,0,0,0,36,0,0,0,0,247,0.0,0.0,0.0,0,0,0,0
27b.sql,false,81,78,2,1,0,20,58,0,0,0,0,0,26,0,0,0,0,247,0.0,0.0,0.0,0,0,0,0
27a.sql,true,95,89,6,0,0,27,62,0,0,0,0,0,44,0,0,0,0,477,0.0,0.0,0.0,0,0,0,0
27a.sql,false,87,84,2,1,0,27,57,0,0,0,0,0,34,0,0,0,0,477,0.0,0.0,0.0,0,0,0,0
26c.sql,true,432,87,341,3,1,77,10,0,1,0,0,0,653,0,0,0,0,5400,0.0,0.0,0.0,0,0,0,0
26c.sql,false,169,87,79,3,0,77,10,0,0,0,0,0,2150,0,0,0,0,5400,0.0,0.0,0.0,0,0,0,0
26b.sql,true,108,85,23,0,0,76,9,0,0,0,0,0,337,0,0,0,0,93,0.0,0.0,0.0,0,0,0,0
26b.sql,false,99,83,10,6,0,74,9,0,0,0,0,0,158,0,0,0,0,93,0.0,0.0,0.0,0,0,0,0
26a.sql,true,138,91,44,1,1,78,12,0,1,0,0,0,734,0,0,0,0,1728,0.0,0.0,0.0,0,0,0,0
26a.sql,false,135,92,40,3,0,78,14,0,0,0,0,0,639,0,0,0,0,1728,0.0,0.0,0.0,0,0,0,0
25c.sql,true,108,64,26,17,1,19,45,0,1,0,0,0,319,0,0,0,0,26153,0.0,0.0,0.0,0,0,0,0
25c.sql,false,162,66,92,3,1,20,46,0,1,0,0,0,1254,0,0,0,0,26153,0.0,0.0,0.0,0,0,0,0
25b.sql,true,87,77,0,9,0,37,40,0,0,0,0,0,1,0,0,0,0,6,0.0,0.0,0.0,0,0,0,0
25b.sql,false,80,71,1,8,0,27,44,0,0,0,0,0,1,0,0,0,0,6,0.0,0.0,0.0,0,0,0,0
25a.sql,true,102,82,18,2,0,29,53,0,0,0,0,0,184,0,0,0,0,4407,0.0,0.0,0.0,0,0,0,0
25a.sql,false,88,69,17,2,0,22,47,0,0,0,0,0,175,0,0,0,0,4407,0.0,0.0,0.0,0,0,0,0
24b.sql,true,659,645,4,10,0,588,57,0,0,0,0,0,31,0,0,0,0,45,0.0,0.0,0.0,0,0,0,0
24b.sql,false,604,594,2,8,0,544,50,0,0,0,0,0,1,0,0,0,0,45,0.0,0.0,0.0,0,0,0,0
24a.sql,true,620,606,12,1,1,546,60,0,1,0,0,0,194,0,0,0,0,275,0.0,0.0,0.0,0,0,0,0
24a.sql,false,601,589,12,0,0,535,54,0,0,0,0,0,188,0,0,0,0,275,0.0,0.0,0.0,0,0,0,0
23c.sql,true,98,94,2,2,0,76,18,0,0,0,0,0,24,0,0,0,0,628,0.0,0.0,0.0,0,0,0,0
23c.sql,false,98,95,3,0,0,78,17,0,0,0,0,0,31,0,0,0,0,628,0.0,0.0,0.0,0,0,0,0
23b.sql,true,79,76,3,0,0,62,14,0,0,0,0,0,25,0,0,0,0,16,0.0,0.0,0.0,0,0,0,0
23b.sql,false,83,74,3,6,0,61,13,0,0,0,0,0,33,0,0,0,0,16,0.0,0.0,0.0,0,0,0,0
23a.sql,true,92,89,3,0,0,74,15,0,0,0,0,0,25,0,0,0,0,618,0.0,0.0,0.0,0,0,0,0
23a.sql,false,88,84,3,0,1,70,14,0,1,0,0,0,27,0,0,0,0,618,0.0,0.0,0.0,0,0,0,0
22d.sql,true,483,75,398,10,0,31,44,0,0,0,0,0,8522,0,0,0,0,46281,0.0,0.0,0.0,0,0,0,0
22d.sql,false,100,69,24,6,0,22,47,0,0,0,0,0,537,0,0,0,0,46281,0.0,0.0,0.0,0,0,0,0
22c.sql,true,148,122,19,6,1,61,61,0,1,0,0,0,368,0,0,0,0,21489,0.0,0.0,0.0,0,0,0,0
22c.sql,false,175,119,52,4,0,61,58,0,0,0,0,0,1175,0,0,0,0,21489,0.0,0.0,0.0,0,0,0,0
22b.sql,true,141,125,16,0,0,69,56,0,0,0,0,0,172,0,0,0,0,31,0.0,0.0,0.0,0,0,0,0
22b.sql,false,125,109,16,0,0,57,52,0,0,0,0,0,152,0,0,0,0,31,0.0,0.0,0.0,0,0,0,0
22a.sql,true,127,111,15,1,0,58,53,0,0,0,0,0,218,0,0,0,0,2851,0.0,0.0,0.0,0,0,0,0
22a.sql,false,127,112,14,1,0,60,52,0,0,0,0,0,203,0,0,0,0,2851,0.0,0.0,0.0,0,0,0,0
21c.sql,true,114,109,5,0,0,31,78,0,0,0,0,0,57,0,0,0,0,1874,0.0,0.0,0.0,0,0,0,0
21c.sql,false,106,100,5,0,1,29,71,0,0,0,0,0,63,0,0,0,0,1874,0.0,0.0,0.0,0,0,0,0
21b.sql,true,87,84,2,1,0,26,58,0,0,0,0,0,28,0,0,0,0,38,0.0,0.0,0.0,0,0,0,0
21b.sql,false,92,82,3,7,0,27,55,0,0,0,0,0,37,0,0,0,0,38,0.0,0.0,0.0,0,0,0,0
21a.sql,true,86,81,5,0,0,26,55,0,0,0,0,0,46,0,0,0,0,1410,0.0,0.0,0.0,0,0,0,0
21a.sql,false,92,86,6,0,0,28,58,0,0,0,0,0,59,0,0,0,0,1410,0.0,0.0,0.0,0,0,0,0
20c.sql,true,119,84,34,1,0,75,9,0,0,0,0,0,543,0,0,0,0,5406,0.0,0.0,0.0,0,0,0,0
20c.sql,false,202,82,118,2,0,74,8,0,0,0,0,0,563,0,0,0,0,5406,0.0,0.0,0.0,0,0,0,0
20b.sql,true,225,219,2,3,0,211,8,0,0,0,0,0,15,0,0,0,0,17,0.0,0.0,0.0,0,0,0,0
20b.sql,false,220,215,2,3,0,208,7,0,0,0,0,0,16,0,0,0,0,17,0.0,0.0,0.0,0,0,0,0
20a.sql,true,163,158,2,3,0,146,12,0,0,0,0,0,21,0,0,0,0,33,0.0,0.0,0.0,0,0,0,0
20a.sql,false,163,158,2,3,0,146,12,0,0,0,0,0,23,0,0,0,0,33,0.0,0.0,0.0,0,0,0,0
19d.sql,true,817,64,488,252,12,22,42,0,12,0,0,0,10265,0,0,0,0,1760645,0.0,0.0,0.0,0,0,0,0
19d.sql,false,827,63,544,207,13,20,43,0,13,0,0,0,12893,0,0,0,0,1760645,0.0,0.0,0.0,0,0,0,0
19c.sql,true,745,726,18,1,0,672,54,0,0,0,0,0,339,0,0,0,0,3575,0.0,0.0,0.0,0,0,0,0
19c.sql,false,762,735,26,0,1,683,52,0,1,0,0,0,515,0,0,0,0,3575,0.0,0.0,0.0,0,0,0,0
19b.sql,true,769,763,0,5,0,716,47,0,0,0,0,0,1,0,0,0,0,15,0.0,0.0,0.0,0,0,0,0
19b.sql,false,770,764,1,5,0,718,46,0,0,0,0,0,1,0,0,0,0,15,0.0,0.0,0.0,0,0,0,0
19a.sql,true,780,775,4,1,0,700,75,0,0,0,0,0,64,0,0,0,0,184,0.0,0.0,0.0,0,0,0,0
19a.sql,false,799,794,4,1,0,718,76,0,0,0,0,0,63,0,0,0,0,184,0.0,0.0,0.0,0,0,0,0
18c.sql,true,104,58,42,3,1,14,44,0,1,0,0,0,483,0,0,0,0,28073,0.0,0.0,0.0,0,0,0,0
18c.sql,false,101,57,39,4,1,14,43,0,1,0,0,0,474,0,0,0,0,28073,0.0,0.0,0.0,0,0,0,0
18b.sql,true,72,67,5,0,0,23,44,0,0,0,0,0,45,0,0,0,0,11,0.0,0.0,0.0,0,0,0,0
18b.sql,false,72,67,5,0,0,22,45,0,0,0,0,0,45,0,0,0,0,11,0.0,0.0,0.0,0,0,0,0
18a.sql,true,120,102,17,1,0,30,72,0,0,0,0,0,247,0,0,0,0,410,0.0,0.0,0.0,0,0,0,0
18a.sql,false,130,102,26,0,1,30,72,0,1,0,0,0,368,0,0,0,0,410,0.0,0.0,0.0,0,0,0,0
17f.sql,true,534,38,306,185,4,38,0,0,4,0,0,0,6376,0,0,0,0,1113120,0.0,0.0,0.0,0,0,0,0
17f.sql,false,344,39,188,113,4,38,1,0,4,0,0,0,2762,0,0,0,0,1113120,0.0,0.0,0.0,0,0,0,0
17e.sql,true,696,3,348,335,10,1,2,0,10,0,0,0,4288,0,0,0,0,2832555,0.0,0.0,0.0,0,0,0,0
17e.sql,false,708,3,353,341,11,1,2,0,11,0,0,0,4557,0,0,0,0,2832555,0.0,0.0,0.0,0,0,0,0
17d.sql,true,57,39,16,2,0,38,1,0,0,0,0,0,396,0,0,0,0,11538,0.0,0.0,0.0,0,0,0,0
17d.sql,false,54,37,16,1,0,36,1,0,0,0,0,0,418,0,0,0,0,11538,0.0,0.0,0.0,0,0,0,0
17c.sql,true,40,33,7,0,0,33,0,0,0,0,0,0,128,0,0,0,0,1918,0.0,0.0,0.0,0,0,0,0
17c.sql,false,42,33,7,2,0,33,0,0,0,0,0,0,155,0,0,0,0,1918,0.0,0.0,0.0,0,0,0,0
17b.sql,true,102,34,60,7,1,34,0,0,1,0,0,0,1581,0,0,0,0,52306,0.0,0.0,0.0,0,0,0,0
17b.sql,false,116,35,71,9,1,34,1,0,1,0,0,0,1754,0,0,0,0,52306,0.0,0.0,0.0,0,0,0,0
17a.sql,true,196,39,129,26,2,36,3,0,2,0,0,0,2271,0,0,0,0,258289,0.0,0.0,0.0,0,0,0,0
17a.sql,false,193,39,126,26,2,37,2,0,2,0,0,0,2204,0,0,0,0,258289,0.0,0.0,0.0,0,0,0,0
16d.sql,true,101,12,37,50,2,9,3,0,2,0,0,0,587,0,0,0,0,249455,0.0,0.0,0.0,0,0,0,0
16d.sql,false,74,12,34,27,1,9,3,0,1,0,0,0,542,0,0,0,0,249455,0.0,0.0,0.0,0,0,0,0
16c.sql,true,99,12,52,33,2,9,3,0,2,0,0,0,913,0,0,0,0,319932,0.0,0.0,0.0,0,0,0,0
16c.sql,false,133,11,52,66,3,9,2,0,3,0,0,0,844,0,0,0,0,319932,0.0,0.0,0.0,0,0,0,0
16b.sql,true,1033,3,548,455,27,1,2,0,27,0,0,0,7852,0,0,0,0,3710592,0.0,0.0,0.0,0,0,0,0
16b.sql,false,1097,3,611,456,27,1,2,0,27,0,0,0,11786,0,0,0,0,3710592,0.0,0.0,0.0,0,0,0,0
16a.sql,true,18,8,9,1,0,5,3,0,0,0,0,0,107,0,0,0,0,385,0.0,0.0,0.0,0,0,0,0
16a.sql,false,17,8,9,0,0,5,3,0,0,0,0,0,99,0,0,0,0,385,0.0,0.0,0.0,0,0,0,0
15d.sql,true,64,57,5,2,0,52,5,0,0,0,0,0,88,0,0,0,0,11347,0.0,0.0,0.0,0,0,0,0
15d.sql,false,67,54,9,3,1,50,4,0,1,0,0,0,117,0,0,0,0,11347,0.0,0.0,0.0,0,0,0,0
15c.sql,true,75,72,2,1,0,68,4,0,0,0,0,0,32,0,0,0,0,2271,0.0,0.0,0.0,0,0,0,0
15c.sql,false,75,72,2,1,0,68,4,0,0,0,0,0,29,0,0,0,0,2271,0.0,0.0,0.0,0,0,0,0
15b.sql,true,106,100,1,5,0,95,5,0,0,0,0,0,1,0,0,0,0,37,0.0,0.0,0.0,0,0,0,0
15b.sql,false,103,97,1,5,0,92,5,0,0,0,0,0,1,0,0,0,0,37,0.0,0.0,0.0,0,0,0,0
15a.sql,true,105,98,2,5,0,90,8,0,0,0,0,0,1,0,0,0,0,328,0.0,0.0,0.0,0,0,0,0
15a.sql,false,102,100,1,1,0,92,8,0,0,0,0,0,17,0,0,0,0,328,0.0,0.0,0.0,0,0,0,0
14c.sql,true,80,70,9,1,0,26,44,0,0,0,0,0,132,0,0,0,0,4115,0.0,0.0,0.0,0,0,0,0
14c.sql,false,79,68,11,0,0,26,42,0,0,0,0,0,137,0,0,0,0,4115,0.0,0.0,0.0,0,0,0,0
14b.sql,true,51,46,0,5,0,22,24,0,0,0,0,0,1,0,0,0,0,1,0.0,0.0,0.0,0,0,0,0
14b.sql,false,51,46,0,5,0,22,24,0,0,0,0,0,1,0,0,0,0,1,0.0,0.0,0.0,0,0,0,0
14a.sql,true,328,302,24,2,0,16,286,0,0,0,0,0,310,0,0,0,0,761,0.0,0.0,0.0,0,0,0,0
14a.sql,false,82,60,22,0,0,18,42,0,0,0,0,0,313,0,0,0,0,761,0.0,0.0,0.0,0,0,0,0
13d.sql,true,476,4,354,111,7,2,2,0,7,0,0,0,7673,0,0,0,0,670390,0.0,0.0,0.0,0,0,0,0
13d.sql,false,475,4,395,69,7,2,2,0,7,0,0,0,7158,0,0,0,0,670390,0.0,0.0,0.0,0,0,0,0
13c.sql,true,48,41,1,6,0,39,2,0,0,0,0,0,1,0,0,0,0,53,0.0,0.0,0.0,0,0,0,0
13c.sql,false,46,39,0,7,0,38,1,0,0,0,0,0,1,0,0,0,0,53,0.0,0.0,0.0,0,0,0,0
13b.sql,true,47,44,2,1,0,42,2,0,0,0,0,0,22,0,0,0,0,372,0.0,0.0,0.0,0,0,0,0
13b.sql,false,48,46,2,0,0,44,2,0,0,0,0,0,30,0,0,0,0,372,0.0,0.0,0.0,0,0,0,0
13a.sql,true,141,1,126,12,1,1,0,0,1,0,0,0,2405,0,0,0,0,111101,0.0,0.0,0.0,0,0,0,0
13a.sql,false,99,2,84,11,2,2,0,0,2,0,0,0,1529,0,0,0,0,111101,0.0,0.0,0.0,0,0,0,0
12c.sql,true,68,32,35,1,0,15,17,0,0,0,0,0,475,0,0,0,0,4711,0.0,0.0,0.0,0,0,0,0
12c.sql,false,75,32,41,1,0,17,15,0,0,0,0,0,525,0,0,0,0,4711,0.0,0.0,0.0,0,0,0,0
12b.sql,true,35,29,1,5,0,27,2,0,0,0,0,0,1,0,0,0,0,10,0.0,0.0,0.0,0,0,0,0
12b.sql,false,35,29,0,6,0,27,2,0,0,0,0,0,1,0,0,0,0,10,0.0,0.0,0.0,0,0,0,0
12a.sql,true,32,24,8,0,0,12,12,0,0,0,0,0,83,0,0,0,0,397,0.0,0.0,0.0,0,0,0,0
12a.sql,false,32,25,6,1,0,14,11,0,0,0,0,0,78,0,0,0,0,397,0.0,0.0,0.0,0,0,0,0
11d.sql,true,94,75,13,6,0,22,53,0,0,0,0,0,221,0,0,0,0,14899,0.0,0.0,0.0,0,0,0,0
11d.sql,false,128,77,45,5,1,22,55,0,1,0,0,0,1171,0,0,0,0,14899,0.0,0.0,0.0,0,0,0,0
11c.sql,true,100,86,10,2,1,25,61,0,1,0,0,0,140,0,0,0,0,6946,0.0,0.0,0.0,0,0,0,0
11c.sql,false,95,82,11,1,1,26,56,0,1,0,0,0,130,0,0,0,0,6946,0.0,0.0,0.0,0,0,0,0
11b.sql,true,75,69,1,5,0,18,51,0,0,0,0,0,1,0,0,0,0,14,0.0,0.0,0.0,0,0,0,0
11b.sql,false,74,68,1,5,0,18,50,0,0,0,0,0,1,0,0,0,0,14,0.0,0.0,0.0,0,0,0,0
11a.sql,true,78,75,3,0,0,24,51,0,0,0,0,0,40,0,0,0,0,310,0.0,0.0,0.0,0,0,0,0
11a.sql,false,79,76,3,0,0,24,52,0,0,0,0,0,38,0,0,0,0,310,0.0,0.0,0.0,0,0,0,0
10c.sql,true,312,201,108,3,0,148,53,0,0,0,0,0,6012,0,0,0,0,10,0.0,0.0,0.0,0,0,0,0
10c.sql,false,294,201,89,3,0,148,53,0,0,0,0,0,5311,0,0,0,0,10,0.0,0.0,0.0,0,0,0,0
10b.sql,true,194,194,0,0,0,142,52,0,0,0,0,0,1,0,0,0,0,0,0.0,0.0,0.0,0,0,0,0
10b.sql,false,193,193,0,0,0,142,51,0,0,0,0,0,1,0,0,0,0,0,0.0,0.0,0.0,0,0,0,0
10a.sql,true,160,156,4,0,0,152,4,0,0,0,0,0,37,0,0,0,0,104,0.0,0.0,0.0,0,0,0,0
10a.sql,false,155,151,3,0,0,147,4,0,0,0,0,0,35,0,0,0,0,104,0.0,0.0,0.0,0,0,0,0
09d.sql,true,220,53,103,57,7,12,41,0,7,0,0,0,2065,0,0,0,0,483082,0.0,0.0,0.0,0,0,0,0
09d.sql,false,261,53,148,53,7,11,42,0,7,0,0,0,2444,0,0,0,0,483082,0.0,0.0,0.0,0,0,0,0
09c.sql,true,80,62,15,3,0,21,41,0,0,0,0,0,313,0,0,0,0,8144,0.0,0.0,0.0,0,0,0,0
09c.sql,false,80,62,16,1,1,21,41,0,1,0,0,0,319,0,0,0,0,8144,0.0,0.0,0.0,0,0,0,0
09b.sql,true,123,112,4,7,0,67,45,0,0,0,0,0,49,0,0,0,0,40,0.0,0.0,0.0,0,0,0,0
09b.sql,false,122,111,4,7,0,66,45,0,0,0,0,0,49,0,0,0,0,40,0.0,0.0,0.0,0,0,0,0
09a.sql,true,141,130,5,6,0,64,66,0,0,0,0,0,60,0,0,0,0,121,0.0,0.0,0.0,0,0,0,0
09a.sql,false,139,129,3,7,0,62,67,0,0,0,0,0,55,0,0,0,0,121,0.0,0.0,0.0,0,0,0,0
08d.sql,true,185,3,136,44,2,1,2,0,2,0,0,0,2240,0,0,0,0,323005,0.0,0.0,0.0,0,0,0,0
08d.sql,false,166,3,106,55,2,2,1,0,2,0,0,0,1852,0,0,0,0,323005,0.0,0.0,0.0,0,0,0,0
08c.sql,true,1200,3,779,400,18,1,2,0,18,0,0,0,15091,0,0,0,0,2487611,0.0,0.0,0.0,0,0,0,0
08c.sql,false,1025,3,737,267,18,2,1,0,17,0,0,0,14700,0,0,0,0,2487611,0.0,0.0,0.0,0,0,0,0
08b.sql,true,86,80,1,5,0,74,6,0,0,0,0,0,1,0,0,0,0,6,0.0,0.0,0.0,0,0,0,0
08b.sql,false,85,79,0,6,0,73,6,0,0,0,0,0,1,0,0,0,0,6,0.0,0.0,0.0,0,0,0,0
08a.sql,true,77,68,4,5,0,60,8,0,0,0,0,0,68,0,0,0,0,62,0.0,0.0,0.0,0,0,0,0
08a.sql,false,77,68,4,5,0,60,8,0,0,0,0,0,67,0,0,0,0,62,0.0,0.0,0.0,0,0,0,0
07c.sql,true,262,82,170,10,0,62,20,0,0,0,0,0,3220,0,0,0,0,68185,0.0,0.0,0.0,0,0,0,0
07c.sql,false,205,83,113,8,1,63,20,0,1,0,0,0,3236,0,0,0,0,68185,0.0,0.0,0.0,0,0,0,0
07b.sql,true,53,47,1,5,0,30,17,0,0,0,0,0,1,0,0,0,0,16,0.0,0.0,0.0,0,0,0,0
07b.sql,false,51,45,1,5,0,28,17,0,0,0,0,0,1,0,0,0,0,16,0.0,0.0,0.0,0,0,0,0
07a.sql,true,72,70,2,0,0,55,15,0,0,0,0,0,16,0,0,0,0,32,0.0,0.0,0.0,0,0,0,0
07a.sql,false,71,69,2,0,0,54,15,0,0,0,0,0,16,0,0,0,0,32,0.0,0.0,0.0,0,0,0,0
06f.sql,true,352,11,187,145,9,10,1,0,9,0,0,0,1595,0,0,0,0,785477,0.0,0.0,0.0,0,0,0,0
06f.sql,false,338,13,190,126,9,11,2,0,9,0,0,0,1626,0,0,0,0,785477,0.0,0.0,0.0,0,0,0,0
06e.sql,true,81,75,1,5,0,74,1,0,0,0,0,0,13,0,0,0,0,6,0.0,0.0,0.0,0,0,0,0
06e.sql,false,82,75,1,5,0,73,2,0,0,0,0,0,13,0,0,0,0,6,0.0,0.0,0.0,0,0,0,0
06d.sql,true,76,75,1,0,0,73,2,0,0,0,0,0,16,0,0,0,0,88,0.0,0.0,0.0,0,0,0,0
06d.sql,false,76,75,1,0,0,73,2,0,0,0,0,0,16,0,0,0,0,88,0.0,0.0,0.0,0,0,0,0
06c.sql,true,69,63,1,5,0,63,0,0,0,0,0,0,1,0,0,0,0,2,0.0,0.0,0.0,0,0,0,0
06c.sql,false,69,64,0,5,0,64,0,0,0,0,0,0,1,0,0,0,0,2,0.0,0.0,0.0,0,0,0,0
06b.sql,true,70,64,0,6,0,64,0,0,0,0,0,0,1,0,0,0,0,12,0.0,0.0,0.0,0,0,0,0
06b.sql,false,70,64,1,5,0,64,0,0,0,0,0,0,1,0,0,0,0,12,0.0,0.0,0.0,0,0,0,0
06a.sql,true,74,68,0,6,0,67,1,0,0,0,0,0,1,0,0,0,0,6,0.0,0.0,0.0,0,0,0,0
06a.sql,false,72,67,0,5,0,66,1,0,0,0,0,0,1,0,0,0,0,6,0.0,0.0,0.0,0,0,0,0
05c.sql,true,73,69,1,3,0,45,24,0,0,0,0,0,23,0,0,0,0,669,0.0,0.0,0.0,0,0,0,0
05c.sql,false,73,69,1,3,0,45,24,0,0,0,0,0,22,0,0,0,0,669,0.0,0.0,0.0,0,0,0,0
05b.sql,true,44,44,0,0,0,30,14,0,0,0,0,0,1,0,0,0,0,0,0.0,0.0,0.0,0,0,0,0
05b.sql,false,45,44,0,1,0,30,14,0,0,0,0,0,1,0,0,0,0,0,0.0,0.0,0.0,0,0,0,0
05a.sql,true,40,39,0,1,0,33,6,0,0,0,0,0,1,0,0,0,0,0,0.0,0.0,0.0,0,0,0,0
05a.sql,false,41,40,0,0,0,34,6,0,0,0,0,0,1,0,0,0,0,0,0.0,0.0,0.0,0,0,0,0
04c.sql,true,40,35,4,1,0,18,17,0,0,0,0,0,60,0,0,0,0,4700,0.0,0.0,0.0,0,0,0,0
04c.sql,false,39,34,4,1,0,17,17,0,0,0,0,0,61,0,0,0,0,4700,0.0,0.0,0.0,0,0,0,0
04b.sql,true,14,9,0,5,0,7,2,0,0,0,0,0,1,0,0,0,0,6,0.0,0.0,0.0,0,0,0,0
04b.sql,false,13,8,1,4,0,6,2,0,0,0,0,0,1,0,0,0,0,6,0.0,0.0,0.0,0,0,0,0
04a.sql,true,27,24,2,0,1,12,12,0,1,0,0,0,38,0,0,0,0,740,0.0,0.0,0.0,0,0,0,0
04a.sql,false,26,23,3,0,0,12,11,0,0,0,0,0,37,0,0,0,0,740,0.0,0.0,0.0,0,0,0,0
03c.sql,true,38,33,4,1,0,18,15,0,0,0,0,0,57,0,0,0,0,7250,0.0,0.0,0.0,0,0,0,0
03c.sql,false,38,32,4,1,1,17,15,0,1,0,0,0,59,0,0,0,0,7250,0.0,0.0,0.0,0,0,0,0
03b.sql,true,12,8,1,3,0,7,1,0,0,0,0,0,26,0,0,0,0,5,0.0,0.0,0.0,0,0,0,0
03b.sql,false,11,8,0,3,0,7,1,0,0,0,0,0,27,0,0,0,0,5,0.0,0.0,0.0,0,0,0,0
03a.sql,true,19,16,3,0,0,11,5,0,0,0,0,0,47,0,0,0,0,206,0.0,0.0,0.0,0,0,0,0
03a.sql,false,19,16,3,0,0,11,5,0,0,0,0,0,45,0,0,0,0,206,0.0,0.0,0.0,0,0,0,0
02d.sql,true,39,2,20,15,1,1,1,0,1,0,0,0,260,0,0,0,0,68316,0.0,0.0,0.0,0,0,0,0
02d.sql,false,33,3,20,10,0,1,2,0,0,0,0,0,263,0,0,0,0,68316,0.0,0.0,0.0,0,0,0,0
02c.sql,true,1,0,1,0,0,0,0,0,0,0,0,0,1,0,0,0,0,0,0.0,0.0,0.0,0,0,0,0
02c.sql,false,1,1,0,0,0,1,0,0,0,0,0,0,1,0,0,0,0,0,0.0,0.0,0.0,0,0,0,0
02b.sql,true,14,1,12,1,0,1,0,0,0,0,0,0,198,0,0,0,0,5228,0.0,0.0,0.0,0,0,0,0
02b.sql,false,17,0,15,2,0,0,0,0,0,0,0,0,319,0,0,0,0,5228,0.0,0.0,0.0,0,0,0,0
02a.sql,true,17,1,15,1,0,1,0,0,0,0,0,0,240,0,0,0,0,7834,0.0,0.0,0.0,0,0,0,0
02a.sql,false,13,1,11,1,0,0,1,0,0,0,0,0,202,0,0,0,0,7834,0.0,0.0,0.0,0,0,0,0
01d.sql,true,62,54,0,8,0,23,31,0,0,0,0,0,1,0,0,0,0,4,0.0,0.0,0.0,0,0,0,0
01d.sql,false,54,47,0,7,0,23,24,0,0,0,0,0,1,0,0,0,0,4,0.0,0.0,0.0,0,0,0,0
01c.sql,true,34,27,0,7,0,25,2,0,0,0,0,0,1,0,0,0,0,3,0.0,0.0,0.0,0,0,0,0
01c.sql,false,32,25,0,7,0,23,2,0,0,0,0,0,1,0,0,0,0,3,0.0,0.0,0.0,0,0,0,0
01b.sql,true,220,213,0,7,0,187,26,0,0,0,0,0,1,0,0,0,0,3,0.0,0.0,0.0,0,0,0,0
01b.sql,false,62,55,0,7,0,24,31,0,0,0,0,0,1,0,0,0,0,3,0.0,0.0,0.0,0,0,0,0
01a.sql,true,41,33,1,7,0,32,1,0,0,0,0,0,1,0,0,0,0,142,0.0,0.0,0.0,0,0,0,0
01a.sql,false,41,33,1,7,0,32,1,0,0,0,0,0,1,0,0,0,0,142,0.0,0.0,0.0,0,0,0,0
