Query,IsWarmup,Millis,PreMillis,JoinMillis,MatMillis,PostMillis,FilterMillis,IndexMillis,GroupByMillis,AggregateMillis,HavingMillis,OrderMillis,Tuples,Samples,Lookups,NrIndexEntries,nrUniqueLookups,NrPlans,JoinCard,AvgReward,MaxReward,TotalWork,DataSize,UctSize,StateSize,JoinSize
9d.sql,true,1669,547,1068,217,32,0,0,0,0,0,0,0,16339,0,0,0,0,483082,0.029736017006130443,0.35962082197956075,1.0,0,0,0,0
9c.sql,true,291,238,47,2,0,0,0,0,0,0,0,0,543,0,0,0,0,8144,0.021398635724829782,0.47005816494447,1.0,0,0,0,0
9b.sql,true,342,330,4,1,0,0,0,0,0,0,0,0,42,0,0,0,0,40,0.04806289364983229,0.3438435513348058,1.0,0,0,0,0
9a.sql,true,360,350,5,0,0,0,0,0,0,0,0,0,52,0,0,0,0,121,0.03839931631944166,0.3406655162038878,1.0,0,0,0,0
8d.sql,true,585,35,545,86,3,0,0,0,0,0,0,0,10199,0,0,0,0,323005,0.03166905044777898,0.42060281891811424,1.0,0,0,0,0
8c.sql,true,5517,36,5459,872,21,0,0,0,0,0,0,0,119045,0,0,0,0,2487611,0.02086083068818539,0.37288964731525265,1.0,0,0,0,0
8b.sql,true,337,330,1,0,0,0,0,0,0,0,0,0,3,0,0,0,0,6,0.0056574560929726425,0.014652444027663815,1.0,0,0,0,0
8a.sql,true,176,168,4,0,0,0,0,0,0,0,0,0,112,0,0,0,0,62,0.02351136366912126,0.3531073446327684,1.0,0,0,0,0
7c.sql,true,1099,437,656,15,0,0,0,0,0,0,0,0,10595,0,0,0,0,68185,0.0066409417742725515,0.10000000000002283,1.0,0,0,0,0
7b.sql,true,213,207,3,0,0,0,0,0,0,0,0,0,29,0,0,0,0,16,0.02073829041299394,0.3199482025486357,1.0,0,0,0,0
7a.sql,true,344,249,90,0,1,0,0,0,0,0,0,0,2251,0,0,0,0,32,0.0017858002259373868,0.38109756097560976,1.0,0,0,0,0
6f.sql,true,1048,229,806,225,11,0,0,0,0,0,0,0,6590,0,0,0,0,785477,0.11911520480176299,0.1610000000000033,1.0,0,0,0,0
6e.sql,true,204,199,4,0,0,0,0,0,0,0,0,0,112,0,0,0,0,6,0.010389153472105435,0.3146820073933527,1.0,0,0,0,0
6d.sql,true,314,260,51,0,0,0,0,0,0,0,0,0,1024,0,0,0,0,88,5.501884873411E-4,0.27542191327811427,1.0,0,0,0,0
6c.sql,true,54,51,1,1,0,0,0,0,0,0,0,0,1,0,0,0,0,2,0.0,-Infinity,1.0,0,0,0,0
6b.sql,true,62,58,0,0,0,0,0,0,0,0,0,0,10,0,0,0,0,12,0.03096665352502036,0.26199822729743977,1.0,0,0,0,0
6a.sql,true,101,92,7,1,0,0,0,0,0,0,0,0,110,0,0,0,0,6,0.010703355396873122,0.315425455522975,1.0,0,0,0,0
5c.sql,true,363,357,2,0,0,0,0,0,0,0,0,0,21,0,0,0,0,669,0.1206232309809441,0.5398216070848635,1.0,0,0,0,0
5b.sql,true,208,206,0,0,0,0,0,0,0,0,0,0,5,0,0,0,0,0,0.017748525707095317,0.08815232722143865,1.0,0,0,0,0
5a.sql,true,316,313,0,0,0,0,0,0,0,0,0,0,2,0,0,0,0,0,4.0611577873512806E-4,8.122315574702561E-4,1.0,0,0,0,0
4c.sql,true,323,304,16,0,1,0,0,0,0,0,0,0,195,0,0,0,0,4700,0.027019580427181313,0.19256998725708627,1.0,0,0,0,0
4b.sql,true,85,82,1,0,0,0,0,0,0,0,0,0,18,0,0,0,0,6,0.047405256836760494,0.21552525566530883,1.0,0,0,0,0
4a.sql,true,191,181,8,0,0,0,0,0,0,0,0,0,113,0,0,0,0,740,0.011028976947872032,0.17705747088321228,1.0,0,0,0,0
3c.sql,true,345,329,12,1,0,0,0,0,0,0,0,0,151,0,0,0,0,7250,0.05041140956185139,0.15026779639155677,1.0,0,0,0,0
3b.sql,true,74,72,1,0,0,0,0,0,0,0,0,0,24,0,0,0,0,5,0.046569705190659054,0.26383727098162235,1.0,0,0,0,0
3a.sql,true,177,168,7,0,0,0,0,0,0,0,0,0,95,0,0,0,0,206,0.005760090816151841,0.13458137471574416,1.0,0,0,0,0
33c.sql,true,203,185,11,0,0,0,0,0,0,0,0,0,97,0,0,0,0,114,0.006565941147279349,0.05919384659373742,1.0,0,0,0,0
33b.sql,true,128,115,7,0,0,0,0,0,0,0,0,0,54,0,0,0,0,4,0.012827630362560991,0.06475644323723176,1.0,0,0,0,0
33a.sql,true,171,150,15,1,0,0,0,0,0,0,0,0,135,0,0,0,0,8,0.0058077798359358,0.06587173540385197,1.0,0,0,0,0
32b.sql,true,44,24,19,1,0,0,0,0,0,0,0,0,420,0,0,0,0,4388,0.012777508066682009,0.12167082462409817,1.0,0,0,0,0
32a.sql,true,23,22,0,0,0,0,0,0,0,0,0,0,2,0,0,0,0,0,2.2737399268122873E-4,4.5474798536245746E-4,1.0,0,0,0,0
31c.sql,true,332,296,27,1,0,0,0,0,0,0,0,0,570,0,0,0,0,2825,0.006433123188135804,0.15865339757429656,1.0,0,0,0,0
31b.sql,true,556,537,6,0,0,0,0,0,0,0,0,0,90,0,0,0,0,84,0.017161752179630483,0.3342245989304813,1.0,0,0,0,0
31a.sql,true,376,349,18,1,0,0,0,0,0,0,0,0,338,0,0,0,0,1273,0.0059305511382769455,0.18546977528773798,1.0,0,0,0,0
30c.sql,true,1881,1760,111,3,0,0,0,0,0,0,0,0,2459,0,0,0,0,8024,0.004776631576808194,0.3224043715846995,1.0,0,0,0,0
30b.sql,true,408,391,5,1,0,0,0,0,0,0,0,0,39,0,0,0,0,28,0.025075111144718616,0.38280835985794975,1.0,0,0,0,0
30a.sql,true,432,360,61,0,0,0,0,0,0,0,0,0,1153,0,0,0,0,757,0.0022160217107878117,0.2505405529781497,1.0,0,0,0,0
2d.sql,true,161,51,108,10,1,0,0,0,0,0,0,0,1723,0,0,0,0,68316,0.04149751104754521,0.40108779302576125,1.0,0,0,0,0
2c.sql,true,54,52,1,0,0,0,0,0,0,0,0,0,1,0,0,0,0,0,0.0,-Infinity,1.0,0,0,0,0
2b.sql,true,135,58,76,1,0,0,0,0,0,0,0,0,1244,0,0,0,0,5228,0.006634532352133798,0.2182657776682292,1.0,0,0,0,0
2a.sql,true,121,51,69,1,0,0,0,0,0,0,0,0,1222,0,0,0,0,7834,0.00898084654184958,0.34921369315717204,1.0,0,0,0,0
29c.sql,true,344,250,76,5,1,0,0,0,0,0,0,0,580,0,0,0,0,16308,0.044194853395605194,0.3406249417193494,1.0,0,0,0,0
29b.sql,true,231,192,20,0,0,0,0,0,0,0,0,0,100,0,0,0,0,15,0.013052452900666013,0.3457100240346434,1.0,0,0,0,0
29a.sql,true,254,199,34,1,0,0,0,0,0,0,0,0,309,0,0,0,0,1620,0.04715444527005527,0.40966380791647744,1.0,0,0,0,0
28c.sql,true,435,315,111,1,0,0,0,0,0,0,0,0,1551,0,0,0,0,8373,0.007365697814878592,0.15346552877068945,1.0,0,0,0,0
28b.sql,true,376,327,37,0,1,0,0,0,0,0,0,0,367,0,0,0,0,148,0.005222842918064254,0.3334521577414173,1.0,0,0,0,0
28a.sql,true,502,427,60,1,1,0,0,0,0,0,0,0,638,0,0,0,0,4803,0.010216749979281587,0.333510665526311,1.0,0,0,0,0
27c.sql,true,364,346,7,0,0,0,0,0,0,0,0,0,78,0,0,0,0,743,0.01845762397947095,0.10003352442254183,1.0,0,0,0,0
27b.sql,true,259,240,10,0,0,0,0,0,0,0,0,0,119,0,0,0,0,247,0.02477736123739103,0.14800007455006384,1.0,0,0,0,0
27a.sql,true,316,292,15,0,0,0,0,0,0,0,0,0,153,0,0,0,0,477,0.03317179146397229,0.4435414884516681,1.0,0,0,0,0
26c.sql,true,424,252,164,2,0,0,0,0,0,0,0,0,2064,0,0,0,0,5400,0.0035265655942864097,0.3080407141857094,1.0,0,0,0,0
26b.sql,true,197,136,54,0,0,0,0,0,0,0,0,0,825,0,0,0,0,93,0.007591117257271222,0.3025911176216966,1.0,0,0,0,0
26a.sql,true,247,185,58,1,0,0,0,0,0,0,0,0,764,0,0,0,0,1728,0.004668835100005124,0.3080746191057343,1.0,0,0,0,0
25c.sql,true,416,299,114,8,1,0,0,0,0,0,0,0,1731,0,0,0,0,26153,0.015575737975556982,0.04703895329369607,1.0,0,0,0,0
25b.sql,true,340,332,2,0,0,0,0,0,0,0,0,0,15,0,0,0,0,6,0.02829832853952509,0.4058017178046065,1.0,0,0,0,0
25a.sql,true,438,384,49,1,0,0,0,0,0,0,0,0,715,0,0,0,0,4407,0.007184471664536732,0.025173146915480362,1.0,0,0,0,0
24b.sql,true,265,250,5,1,0,0,0,0,0,0,0,0,46,0,0,0,0,45,0.036879041734815994,0.3497802221988268,1.0,0,0,0,0
24a.sql,true,267,245,14,0,0,0,0,0,0,0,0,0,157,0,0,0,0,275,0.007806401369297183,0.34070413394245613,1.0,0,0,0,0
23c.sql,true,361,350,5,0,0,0,0,0,0,0,0,0,50,0,0,0,0,628,0.04106916288802329,0.3236271371732849,1.0,0,0,0,0
23b.sql,true,238,229,4,0,0,0,0,0,0,0,0,0,50,0,0,0,0,16,0.03491540444685713,0.46536439569516747,1.0,0,0,0,0
23a.sql,true,224,213,6,0,0,0,0,0,0,0,0,0,71,0,0,0,0,618,0.050415389334661054,0.3439651040029891,1.0,0,0,0,0
22d.sql,true,450,366,76,12,1,0,0,0,0,0,0,0,1229,0,0,0,0,46281,0.03902954905259659,0.16846552876590976,1.0,0,0,0,0
22c.sql,true,372,289,74,5,0,0,0,0,0,0,0,0,1127,0,0,0,0,21489,0.01994671404708575,0.15345947882348418,1.0,0,0,0,0
22b.sql,true,260,225,28,0,0,0,0,0,0,0,0,0,307,0,0,0,0,31,0.002726118185745461,0.16883564470086015,1.0,0,0,0,0
22a.sql,true,350,315,31,0,0,0,0,0,0,0,0,0,465,0,0,0,0,2851,0.007873093903792408,0.16873133302413695,1.0,0,0,0,0
21c.sql,true,283,271,8,0,1,0,0,0,0,0,0,0,121,0,0,0,0,1874,0.02923068357261463,0.1990000000002913,1.0,0,0,0,0
21b.sql,true,294,289,3,0,0,0,0,0,0,0,0,0,38,0,0,0,0,38,0.016250872708817914,0.09031519396551724,1.0,0,0,0,0
21a.sql,true,288,274,11,0,0,0,0,0,0,0,0,0,175,0,0,0,0,1410,0.030133828180726806,0.47783329789496065,1.0,0,0,0,0
20c.sql,true,413,174,236,1,0,0,0,0,0,0,0,0,4739,0,0,0,0,5406,0.0023543933347834473,0.30804182601866237,1.0,0,0,0,0
20b.sql,true,412,407,3,0,0,0,0,0,0,0,0,0,43,0,0,0,0,17,0.018507071236665534,0.30804434523825713,1.0,0,0,0,0
20a.sql,true,556,549,4,0,0,0,0,0,0,0,0,0,49,0,0,0,0,33,0.022825961628531923,0.2929081516022445,1.0,0,0,0,0
1d.sql,true,282,282,0,0,0,0,0,0,0,0,0,0,1,0,0,0,0,4,0.0,-Infinity,1.0,0,0,0,0
1c.sql,true,127,125,0,0,0,0,0,0,0,0,0,0,7,0,0,0,0,3,0.07343926493237056,0.5029891291034917,1.0,0,0,0,0
1b.sql,true,275,274,0,0,0,0,0,0,0,0,0,0,4,0,0,0,0,3,0.11196295955566116,0.44734041497998844,1.0,0,0,0,0
1a.sql,true,106,105,0,0,0,0,0,0,0,0,0,0,8,0,0,0,0,142,0.1136052037664052,0.5609434592500666,1.0,0,0,0,0
19d.sql,true,2715,264,2434,571,15,0,0,0,0,0,0,0,61551,0,0,0,0,1760645,0.02931847694117282,0.4161943770353195,1.0,0,0,0,0
19c.sql,true,390,359,29,1,0,0,0,0,0,0,0,0,553,0,0,0,0,3575,0.012336297549168302,0.34061215889051855,1.0,0,0,0,0
19b.sql,true,269,266,0,0,1,0,0,0,0,0,0,0,8,0,0,0,0,15,0.04554763408318991,0.34397153182491425,1.0,0,0,0,0
19a.sql,true,370,363,5,0,0,0,0,0,0,0,0,0,77,0,0,0,0,184,0.027726573406810166,0.3406468283526159,1.0,0,0,0,0
18c.sql,true,425,316,106,7,1,0,0,0,0,0,0,0,2257,0,0,0,0,28073,0.013964259053685408,0.24287937828759643,1.0,0,0,0,0
18b.sql,true,309,302,5,0,0,0,0,0,0,0,0,0,99,0,0,0,0,11,0.01826978631433871,0.22125163482710314,1.0,0,0,0,0
18a.sql,true,416,397,18,0,0,0,0,0,0,0,0,0,298,0,0,0,0,410,0.010848864039000098,0.39526519337016575,1.0,0,0,0,0
17f.sql,true,2701,86,2610,257,4,0,0,0,0,0,0,0,66187,0,0,0,0,1113120,0.016869517260110798,0.4545414259394921,1.0,0,0,0,0
17e.sql,true,1970,61,1896,713,12,0,0,0,0,0,0,0,25351,0,0,0,0,2832555,0.11170752377979842,0.34047769705719666,1.0,0,0,0,0
17d.sql,true,546,56,490,2,0,0,0,0,0,0,0,0,11309,0,0,0,0,11538,0.001200296115108162,0.07776698185449285,1.0,0,0,0,0
17c.sql,true,83,55,27,0,0,0,0,0,0,0,0,0,585,0,0,0,0,1918,0.006817757544214515,0.3329473684210526,1.0,0,0,0,0
17b.sql,true,2244,37,2204,13,1,0,0,0,0,0,0,0,55701,0,0,0,0,52306,0.0010259511226673342,0.40537266991882037,1.0,0,0,0,0
17a.sql,true,835,84,748,41,2,0,0,0,0,0,0,0,11646,0,0,0,0,258289,0.022507378820654476,0.45163314613949207,1.0,0,0,0,0
16d.sql,true,289,80,206,60,2,0,0,0,0,0,0,0,3180,0,0,0,0,249455,0.07960973210536956,0.2577615495762878,1.0,0,0,0,0
16c.sql,true,577,112,461,67,3,0,0,0,0,0,0,0,12144,0,0,0,0,319932,0.02673446586270777,0.26340165176541896,1.0,0,0,0,0
16b.sql,true,3510,59,3419,1479,31,0,0,0,0,0,0,0,44505,0,0,0,0,3710592,0.08334497272876809,0.385,1.0,0,0,0,0
16a.sql,true,82,60,19,0,0,0,0,0,0,0,0,0,272,0,0,0,0,385,0.010721972235586167,0.3145018746652383,1.0,0,0,0,0
15d.sql,true,225,206,14,1,1,0,0,0,0,0,0,0,253,0,0,0,0,11347,0.05988359158657784,0.4366096148916469,1.0,0,0,0,0
15c.sql,true,351,345,4,1,0,0,0,0,0,0,0,0,59,0,0,0,0,2271,0.06953644615538636,0.5158700808402087,1.0,0,0,0,0
15b.sql,true,139,135,2,0,0,0,0,0,0,0,0,0,22,0,0,0,0,37,0.04430856746575923,0.31926498623173055,1.0,0,0,0,0
15a.sql,true,237,232,3,0,0,0,0,0,0,0,0,0,35,0,0,0,0,328,0.04973980529585964,0.48729215520117075,1.0,0,0,0,0
14c.sql,true,404,365,34,1,0,0,0,0,0,0,0,0,446,0,0,0,0,4115,0.011034998498520793,0.1554655754035921,1.0,0,0,0,0
14b.sql,true,342,336,1,0,0,0,0,0,0,0,0,0,7,0,0,0,0,1,0.0477569326107218,0.27472527472527475,1.0,0,0,0,0
14a.sql,true,376,347,23,0,0,0,0,0,0,0,0,0,295,0,0,0,0,761,0.006052215679912087,0.3106847419003776,1.0,0,0,0,0
13d.sql,true,1497,39,1448,185,8,0,0,0,0,0,0,0,27552,0,0,0,0,670390,0.025087227260781667,0.35966149506346967,1.0,0,0,0,0
13c.sql,true,70,64,2,0,0,0,0,0,0,0,0,0,23,0,0,0,0,53,0.07498422499868493,0.4488502880007334,1.0,0,0,0,0
13b.sql,true,75,69,3,0,0,0,0,0,0,0,0,0,49,0,0,0,0,372,0.047206023581416075,0.33156944156784984,1.0,0,0,0,0
13a.sql,true,290,26,260,29,1,0,0,0,0,0,0,0,4172,0,0,0,0,111101,0.027846403040056516,0.41719864908229803,1.0,0,0,0,0
12c.sql,true,815,738,74,1,0,0,0,0,0,0,0,0,1854,0,0,0,0,4711,0.004679660584964916,0.343205574912892,1.0,0,0,0,0
12b.sql,true,157,153,2,0,0,0,0,0,0,0,0,0,31,0,0,0,0,10,0.059239137218473396,0.5029987217214689,1.0,0,0,0,0
12a.sql,true,93,81,11,1,0,0,0,0,0,0,0,0,133,0,0,0,0,397,0.020285941384959583,0.25234118646671166,1.0,0,0,0,0
11d.sql,true,356,305,50,2,0,0,0,0,0,0,0,0,1125,0,0,0,0,14899,0.0153605037992063,0.164,1.0,0,0,0,0
11c.sql,true,348,321,25,1,0,0,0,0,0,0,0,0,413,0,0,0,0,6946,0.0196339139952367,0.164,1.0,0,0,0,0
11b.sql,true,226,223,1,0,0,0,0,0,0,0,0,0,11,0,0,0,0,14,0.03451000838795016,0.1521843150389971,1.0,0,0,0,0
11a.sql,true,223,217,5,0,0,0,0,0,0,0,0,0,78,0,0,0,0,310,0.01674765040189105,0.11198101415492719,1.0,0,0,0,0
10c.sql,true,583,338,244,0,0,0,0,0,0,0,0,0,12600,0,0,0,0,10,3.8608669076081536E-4,0.3676470588235294,1.0,0,0,0,0
10b.sql,true,261,260,0,0,0,0,0,0,0,0,0,0,7,0,0,0,0,0,5.468619659059926E-4,0.003481254742500065,1.0,0,0,0,0
10a.sql,true,192,186,5,0,0,0,0,0,0,0,0,0,76,0,0,0,0,104,0.01687456907588143,0.2526595744680851,1.0,0,0,0,0
