Query,IsWarmup,Millis,PreMillis,JoinMillis,MatMillis,PostMillis,FilterMillis,IndexMillis,GroupByMillis,AggregateMillis,HavingMillis,OrderMillis,Tuples,Samples,Lookups,NrIndexEntries,nrUniqueLookups,NrPlans,JoinCard,AvgReward,MaxReward,TotalWork,DataSize,UctSize,StateSize,JoinSize
9d.sql,true,9372,629,668,279,27,220,409,0,27,0,0,0,593,0,0,0,0,483082,0.0,0.0,0.0,0,0,0,0
9d.sql,false,709,453,170,77,9,99,354,0,9,0,0,0,1153,0,0,0,0,483082,0.0,0.0,0.0,0,0,0,0
9c.sql,true,345,292,37,16,0,102,190,0,0,0,0,0,371,0,0,0,0,8144,0.0,0.0,0.0,0,0,0,0
9c.sql,false,266,131,125,9,1,93,38,0,1,0,0,0,183,0,0,0,0,8144,0.0,0.0,0.0,0,0,0,0
9b.sql,true,142,125,7,10,0,56,69,0,0,0,0,0,49,0,0,0,0,40,0.0,0.0,0.0,0,0,0,0
9b.sql,false,114,98,7,9,0,55,43,0,0,0,0,0,52,0,0,0,0,40,0.0,0.0,0.0,0,0,0,0
9a.sql,true,141,125,6,9,1,66,59,0,1,0,0,0,52,0,0,0,0,121,0.0,0.0,0.0,0,0,0,0
9a.sql,false,137,122,6,9,0,65,57,0,0,0,0,0,73,0,0,0,0,121,0.0,0.0,0.0,0,0,0,0
8d.sql,true,102,6,49,44,3,3,3,0,3,0,0,0,647,0,0,0,0,323005,0.0,0.0,0.0,0,0,0,0
8d.sql,false,135,6,61,65,3,3,3,0,3,0,0,0,644,0,0,0,0,323005,0.0,0.0,0.0,0,0,0,0
8c.sql,true,615,6,335,252,22,3,3,0,22,0,0,0,4349,0,0,0,0,2487611,0.0,0.0,0.0,0,0,0,0
8c.sql,false,595,5,321,248,21,3,2,0,21,0,0,0,4405,0,0,0,0,2487611,0.0,0.0,0.0,0,0,0,0
8b.sql,true,57,48,2,7,0,36,12,0,0,0,0,0,1,0,0,0,0,6,0.0,0.0,0.0,0,0,0,0
8b.sql,false,57,47,1,9,0,36,11,0,0,0,0,0,1,0,0,0,0,6,0.0,0.0,0.0,0,0,0,0
8a.sql,true,48,42,5,1,0,29,13,0,0,0,0,0,50,0,0,0,0,62,0.0,0.0,0.0,0,0,0,0
8a.sql,false,48,43,4,0,1,30,13,0,1,0,0,0,40,0,0,0,0,62,0.0,0.0,0.0,0,0,0,0
7c.sql,true,280,65,200,14,0,46,19,0,0,0,0,0,1158,0,0,0,0,68185,0.0,0.0,0.0,0,0,0,0
7c.sql,false,132,64,59,8,1,44,20,0,1,0,0,0,1009,0,0,0,0,68185,0.0,0.0,0.0,0,0,0,0
7b.sql,true,64,54,2,7,0,40,14,0,0,0,0,0,1,0,0,0,0,16,0.0,0.0,0.0,0,0,0,0
7b.sql,false,64,55,1,8,0,40,15,0,0,0,0,0,1,0,0,0,0,16,0.0,0.0,0.0,0,0,0,0
7a.sql,true,63,53,2,8,0,41,12,0,0,0,0,0,1,0,0,0,0,32,0.0,0.0,0.0,0,0,0,0
7a.sql,false,60,49,3,7,0,36,13,0,0,0,0,0,1,0,0,0,0,32,0.0,0.0,0.0,0,0,0,0
6f.sql,true,1699,19,1559,110,11,15,4,0,11,0,0,0,457,0,0,0,0,785477,0.0,0.0,0.0,0,0,0,0
6f.sql,false,148,11,54,73,10,9,2,0,10,0,0,0,485,0,0,0,0,785477,0.0,0.0,0.0,0,0,0,0
6e.sql,true,47,37,2,8,0,34,3,0,0,0,0,0,0,0,0,0,0,6,0.0,0.0,0.0,0,0,0,0
6e.sql,false,52,42,1,9,0,38,4,0,0,0,0,0,0,0,0,0,0,6,0.0,0.0,0.0,0,0,0,0
6d.sql,true,45,42,2,1,0,38,4,0,0,0,0,0,14,0,0,0,0,88,0.0,0.0,0.0,0,0,0,0
6d.sql,false,45,42,2,1,0,38,4,0,0,0,0,0,15,0,0,0,0,88,0.0,0.0,0.0,0,0,0,0
6c.sql,true,35,26,0,9,0,26,0,0,0,0,0,0,0,0,0,0,0,2,0.0,0.0,0.0,0,0,0,0
6c.sql,false,36,27,0,9,0,27,0,0,0,0,0,0,0,0,0,0,0,2,0.0,0.0,0.0,0,0,0,0
6b.sql,true,36,26,1,9,0,26,0,0,0,0,0,0,0,0,0,0,0,12,0.0,0.0,0.0,0,0,0,0
6b.sql,false,33,27,1,5,0,27,0,0,0,0,0,0,0,0,0,0,0,12,0.0,0.0,0.0,0,0,0,0
6a.sql,true,42,33,1,8,0,31,2,0,0,0,0,0,0,0,0,0,0,6,0.0,0.0,0.0,0,0,0,0
6a.sql,false,41,32,1,8,0,30,2,0,0,0,0,0,0,0,0,0,0,6,0.0,0.0,0.0,0,0,0,0
5c.sql,true,100,91,1,8,0,66,25,0,0,0,0,0,8,0,0,0,0,669,0.0,0.0,0.0,0,0,0,0
5c.sql,false,119,111,2,6,0,86,25,0,0,0,0,0,6,0,0,0,0,669,0.0,0.0,0.0,0,0,0,0
5b.sql,true,72,70,0,1,1,59,11,0,0,0,0,0,0,0,0,0,0,0,0.0,0.0,0.0,0,0,0,0
5b.sql,false,79,78,1,0,0,64,14,0,0,0,0,0,0,0,0,0,0,0,0.0,0.0,0.0,0,0,0,0
5a.sql,true,36,35,1,0,0,25,10,0,0,0,0,0,0,0,0,0,0,0,0.0,0.0,0.0,0,0,0,0
5a.sql,false,36,35,0,1,0,25,10,0,0,0,0,0,0,0,0,0,0,0,0.0,0.0,0.0,0,0,0,0
4c.sql,true,52,47,2,2,1,28,19,0,1,0,0,0,24,0,0,0,0,4700,0.0,0.0,0.0,0,0,0,0
4c.sql,false,53,48,3,2,0,29,19,0,0,0,0,0,24,0,0,0,0,4700,0.0,0.0,0.0,0,0,0,0
4b.sql,true,22,13,1,8,0,10,3,0,0,0,0,0,0,0,0,0,0,6,0.0,0.0,0.0,0,0,0,0
4b.sql,false,22,13,1,8,0,10,3,0,0,0,0,0,0,0,0,0,0,6,0.0,0.0,0.0,0,0,0,0
4a.sql,true,36,33,3,0,0,20,13,0,0,0,0,0,15,0,0,0,0,740,0.0,0.0,0.0,0,0,0,0
4a.sql,false,38,34,2,1,0,22,12,0,0,0,0,0,20,0,0,0,0,740,0.0,0.0,0.0,0,0,0,0
3c.sql,true,49,44,3,2,0,30,14,0,0,0,0,0,17,0,0,0,0,7250,0.0,0.0,0.0,0,0,0,0
3c.sql,false,47,42,4,1,0,29,13,0,0,0,0,0,18,0,0,0,0,7250,0.0,0.0,0.0,0,0,0,0
3b.sql,true,15,9,2,3,0,8,1,0,0,0,0,0,8,0,0,0,0,5,0.0,0.0,0.0,0,0,0,0
3b.sql,false,18,11,1,6,0,9,2,0,0,0,0,0,0,0,0,0,0,5,0.0,0.0,0.0,0,0,0,0
3a.sql,true,26,23,3,0,0,16,7,0,0,0,0,0,17,0,0,0,0,206,0.0,0.0,0.0,0,0,0,0
3a.sql,false,25,23,2,0,0,16,7,0,0,0,0,0,15,0,0,0,0,206,0.0,0.0,0.0,0,0,0,0
33c.sql,true,60,52,7,1,0,29,23,0,0,0,0,0,35,0,0,0,0,114,0.0,0.0,0.0,0,0,0,0
33c.sql,false,40,33,6,1,0,19,14,0,0,0,0,0,23,0,0,0,0,114,0.0,0.0,0.0,0,0,0,0
33b.sql,true,70,63,5,2,0,49,14,0,0,0,0,0,18,0,0,0,0,4,0.0,0.0,0.0,0,0,0,0
33b.sql,false,39,33,5,0,0,20,13,0,0,0,0,0,18,0,0,0,0,4,0.0,0.0,0.0,0,0,0,0
33a.sql,true,50,43,5,2,0,23,20,0,0,0,0,0,23,0,0,0,0,8,0.0,0.0,0.0,0,0,0,0
33a.sql,false,50,42,6,2,0,22,20,0,0,0,0,0,25,0,0,0,0,8,0.0,0.0,0.0,0,0,0,0
32b.sql,true,9,1,5,2,1,1,0,0,1,0,0,0,53,0,0,0,0,4388,0.0,0.0,0.0,0,0,0,0
32b.sql,false,8,1,4,3,0,1,0,0,0,0,0,0,50,0,0,0,0,4388,0.0,0.0,0.0,0,0,0,0
32a.sql,true,3,1,0,1,1,1,0,0,0,0,0,0,0,0,0,0,0,0,0.0,0.0,0.0,0,0,0,0
32a.sql,false,2,1,0,1,0,1,0,0,0,0,0,0,0,0,0,0,0,0,0.0,0.0,0.0,0,0,0,0
31c.sql,true,66,58,6,2,0,25,33,0,0,0,0,0,54,0,0,0,0,2825,0.0,0.0,0.0,0,0,0,0
31c.sql,false,77,67,8,2,0,33,34,0,0,0,0,0,82,0,0,0,0,2825,0.0,0.0,0.0,0,0,0,0
31b.sql,true,118,105,4,9,0,67,38,0,0,0,0,0,1,0,0,0,0,84,0.0,0.0,0.0,0,0,0,0
31b.sql,false,115,102,2,11,0,64,38,0,0,0,0,0,1,0,0,0,0,84,0.0,0.0,0.0,0,0,0,0
31a.sql,true,86,80,5,1,0,43,37,0,0,0,0,0,42,0,0,0,0,1273,0.0,0.0,0.0,0,0,0,0
31a.sql,false,74,65,7,1,1,42,23,0,1,0,0,0,51,0,0,0,0,1273,0.0,0.0,0.0,0,0,0,0
30c.sql,true,89,75,12,1,0,37,38,0,0,0,0,0,149,0,0,0,0,8024,0.0,0.0,0.0,0,0,0,0
30c.sql,false,64,47,14,3,0,20,27,0,0,0,0,0,183,0,0,0,0,8024,0.0,0.0,0.0,0,0,0,0
30b.sql,true,61,57,3,1,0,32,25,0,0,0,0,0,10,0,0,0,0,28,0.0,0.0,0.0,0,0,0,0
30b.sql,false,57,54,3,0,0,30,24,0,0,0,0,0,9,0,0,0,0,28,0.0,0.0,0.0,0,0,0,0
30a.sql,true,61,52,9,0,0,26,26,0,0,0,0,0,96,0,0,0,0,757,0.0,0.0,0.0,0,0,0,0
30a.sql,false,61,52,9,0,0,27,25,0,0,0,0,0,102,0,0,0,0,757,0.0,0.0,0.0,0,0,0,0
2d.sql,true,23,5,11,6,1,3,2,0,1,0,0,0,124,0,0,0,0,68316,0.0,0.0,0.0,0,0,0,0
2d.sql,false,24,5,10,9,0,3,2,0,0,0,0,0,123,0,0,0,0,68316,0.0,0.0,0.0,0,0,0,0
2c.sql,true,3,2,0,1,0,2,0,0,0,0,0,0,0,0,0,0,0,0,0.0,0.0,0.0,0,0,0,0
2c.sql,false,3,2,1,0,0,2,0,0,0,0,0,0,0,0,0,0,0,0,0.0,0.0,0.0,0,0,0,0
2b.sql,true,11,2,8,1,0,2,0,0,0,0,0,0,100,0,0,0,0,5228,0.0,0.0,0.0,0,0,0,0
2b.sql,false,16,2,13,1,0,2,0,0,0,0,0,0,241,0,0,0,0,5228,0.0,0.0,0.0,0,0,0,0
2a.sql,true,12,2,9,1,0,2,0,0,0,0,0,0,114,0,0,0,0,7834,0.0,0.0,0.0,0,0,0,0
2a.sql,false,13,3,9,1,0,2,0,0,0,0,0,0,119,0,0,0,0,7834,0.0,0.0,0.0,0,0,0,0
29c.sql,true,412,374,31,6,1,323,51,0,1,0,0,0,701,0,0,0,0,16308,0.0,0.0,0.0,0,0,0,0
29c.sql,false,405,376,25,3,0,324,52,0,0,0,0,0,375,0,0,0,0,16308,0.0,0.0,0.0,0,0,0,0
29b.sql,true,222,205,16,0,0,172,33,0,0,0,0,0,146,0,0,0,0,15,0.0,0.0,0.0,0,0,0,0
29b.sql,false,255,241,5,9,0,195,46,0,0,0,0,0,17,0,0,0,0,15,0.0,0.0,0.0,0,0,0,0
29a.sql,true,367,357,8,1,0,310,47,0,0,0,0,0,59,0,0,0,0,1620,0.0,0.0,0.0,0,0,0,0
29a.sql,false,370,357,11,2,0,310,47,0,0,0,0,0,103,0,0,0,0,1620,0.0,0.0,0.0,0,0,0,0
28c.sql,true,126,100,14,12,0,63,37,0,0,0,0,0,210,0,0,0,0,8373,0.0,0.0,0.0,0,0,0,0
28c.sql,false,96,76,19,1,0,40,36,0,0,0,0,0,273,0,0,0,0,8373,0.0,0.0,0.0,0,0,0,0
28b.sql,true,67,56,10,1,0,33,23,0,0,0,0,0,93,0,0,0,0,148,0.0,0.0,0.0,0,0,0,0
28b.sql,false,73,57,16,0,0,34,23,0,0,0,0,0,207,0,0,0,0,148,0.0,0.0,0.0,0,0,0,0
28a.sql,true,106,83,21,2,0,45,38,0,0,0,0,0,376,0,0,0,0,4803,0.0,0.0,0.0,0,0,0,0
28a.sql,false,101,83,16,2,0,45,38,0,0,0,0,0,282,0,0,0,0,4803,0.0,0.0,0.0,0,0,0,0
27c.sql,true,79,73,4,2,0,32,41,0,0,0,0,0,28,0,0,0,0,743,0.0,0.0,0.0,0,0,0,0
27c.sql,false,109,103,4,0,1,62,41,0,1,0,0,0,25,0,0,0,0,743,0.0,0.0,0.0,0,0,0,0
27b.sql,true,68,64,3,0,0,29,35,0,0,0,0,0,25,0,0,0,0,247,0.0,0.0,0.0,0,0,0,0
27b.sql,false,69,65,3,1,0,29,36,0,0,0,0,0,25,0,0,0,0,247,0.0,0.0,0.0,0,0,0,0
27a.sql,true,71,66,3,1,1,33,33,0,0,0,0,0,36,0,0,0,0,477,0.0,0.0,0.0,0,0,0,0
27a.sql,false,74,70,3,1,0,35,35,0,0,0,0,0,27,0,0,0,0,477,0.0,0.0,0.0,0,0,0,0
26c.sql,true,104,46,57,1,0,39,7,0,0,0,0,0,667,0,0,0,0,5400,0.0,0.0,0.0,0,0,0,0
26c.sql,false,92,43,48,0,0,38,5,0,0,0,0,0,837,0,0,0,0,5400,0.0,0.0,0.0,0,0,0,0
26b.sql,true,61,46,14,1,0,38,8,0,0,0,0,0,165,0,0,0,0,93,0.0,0.0,0.0,0,0,0,0
26b.sql,false,64,46,13,4,0,38,8,0,0,0,0,0,140,0,0,0,0,93,0.0,0.0,0.0,0,0,0,0
26a.sql,true,89,51,37,1,0,41,10,0,0,0,0,0,660,0,0,0,0,1728,0.0,0.0,0.0,0,0,0,0
26a.sql,false,96,49,46,1,0,40,9,0,0,0,0,0,983,0,0,0,0,1728,0.0,0.0,0.0,0,0,0,0
25c.sql,true,167,142,22,2,1,116,26,0,1,0,0,0,175,0,0,0,0,26153,0.0,0.0,0.0,0,0,0,0
25c.sql,false,67,44,18,5,0,18,26,0,0,0,0,0,207,0,0,0,0,26153,0.0,0.0,0.0,0,0,0,0
25b.sql,true,52,45,2,5,0,22,23,0,0,0,0,0,1,0,0,0,0,6,0.0,0.0,0.0,0,0,0,0
25b.sql,false,52,45,1,6,0,21,24,0,0,0,0,0,1,0,0,0,0,6,0.0,0.0,0.0,0,0,0,0
25a.sql,true,51,40,9,2,0,16,24,0,0,0,0,0,71,0,0,0,0,4407,0.0,0.0,0.0,0,0,0,0
25a.sql,false,50,39,10,1,0,16,23,0,0,0,0,0,77,0,0,0,0,4407,0.0,0.0,0.0,0,0,0,0
24b.sql,true,310,303,1,4,1,275,28,0,1,0,0,0,1,0,0,0,0,45,0.0,0.0,0.0,0,0,0,0
24b.sql,false,307,300,2,4,0,271,29,0,0,0,0,0,1,0,0,0,0,45,0.0,0.0,0.0,0,0,0,0
24a.sql,true,313,298,14,1,0,266,32,0,0,0,0,0,220,0,0,0,0,275,0.0,0.0,0.0,0,0,0,0
24a.sql,false,358,332,16,9,1,284,48,0,1,0,0,0,208,0,0,0,0,275,0.0,0.0,0.0,0,0,0,0
23c.sql,true,75,70,4,1,0,51,19,0,0,0,0,0,20,0,0,0,0,628,0.0,0.0,0.0,0,0,0,0
23c.sql,false,74,69,4,0,0,50,19,0,0,0,0,0,18,0,0,0,0,628,0.0,0.0,0.0,0,0,0,0
23b.sql,true,49,42,3,4,0,35,7,0,0,0,0,0,1,0,0,0,0,16,0.0,0.0,0.0,0,0,0,0
23b.sql,false,63,59,3,1,0,44,15,0,0,0,0,0,11,0,0,0,0,16,0.0,0.0,0.0,0,0,0,0
23a.sql,true,68,62,4,2,0,46,16,0,0,0,0,0,23,0,0,0,0,618,0.0,0.0,0.0,0,0,0,0
23a.sql,false,66,60,4,1,0,45,15,0,0,0,0,0,17,0,0,0,0,618,0.0,0.0,0.0,0,0,0,0
22d.sql,true,117,90,19,7,1,45,45,0,1,0,0,0,282,0,0,0,0,46281,0.0,0.0,0.0,0,0,0,0
22d.sql,false,116,92,16,7,1,46,46,0,1,0,0,0,222,0,0,0,0,46281,0.0,0.0,0.0,0,0,0,0
22c.sql,true,93,77,13,3,0,40,37,0,0,0,0,0,171,0,0,0,0,21489,0.0,0.0,0.0,0,0,0,0
22c.sql,false,85,73,10,2,0,38,35,0,0,0,0,0,86,0,0,0,0,21489,0.0,0.0,0.0,0,0,0,0
22b.sql,true,84,70,14,0,0,37,33,0,0,0,0,0,200,0,0,0,0,31,0.0,0.0,0.0,0,0,0,0
22b.sql,false,78,65,12,1,0,34,31,0,0,0,0,0,127,0,0,0,0,31,0.0,0.0,0.0,0,0,0,0
22a.sql,true,76,67,8,1,0,36,31,0,0,0,0,0,117,0,0,0,0,2851,0.0,0.0,0.0,0,0,0,0
22a.sql,false,79,70,7,2,0,38,32,0,0,0,0,0,99,0,0,0,0,2851,0.0,0.0,0.0,0,0,0,0
21c.sql,true,75,70,3,2,0,29,41,0,0,0,0,0,28,0,0,0,0,1874,0.0,0.0,0.0,0,0,0,0
21c.sql,false,71,67,4,0,0,27,40,0,0,0,0,0,29,0,0,0,0,1874,0.0,0.0,0.0,0,0,0,0
21b.sql,true,57,54,3,0,0,22,32,0,0,0,0,0,29,0,0,0,0,38,0.0,0.0,0.0,0,0,0,0
21b.sql,false,60,56,3,1,0,24,32,0,0,0,0,0,26,0,0,0,0,38,0.0,0.0,0.0,0,0,0,0
21a.sql,true,61,56,3,2,0,24,32,0,0,0,0,0,26,0,0,0,0,1410,0.0,0.0,0.0,0,0,0,0
21a.sql,false,63,58,5,0,0,24,34,0,0,0,0,0,32,0,0,0,0,1410,0.0,0.0,0.0,0,0,0,0
20c.sql,true,73,44,27,2,0,39,5,0,0,0,0,0,432,0,0,0,0,5406,0.0,0.0,0.0,0,0,0,0
20c.sql,false,67,42,24,1,0,36,6,0,0,0,0,0,401,0,0,0,0,5406,0.0,0.0,0.0,0,0,0,0
20b.sql,true,95,90,1,4,0,83,7,0,0,0,0,0,8,0,0,0,0,17,0.0,0.0,0.0,0,0,0,0
20b.sql,false,102,97,2,3,0,83,14,0,0,0,0,0,9,0,0,0,0,17,0.0,0.0,0.0,0,0,0,0
20a.sql,true,73,68,3,2,0,61,7,0,0,0,0,0,34,0,0,0,0,33,0.0,0.0,0.0,0,0,0,0
20a.sql,false,73,68,2,3,0,61,7,0,0,0,0,0,15,0,0,0,0,33,0.0,0.0,0.0,0,0,0,0
1d.sql,true,43,37,0,5,1,20,17,0,1,0,0,0,0,0,0,0,0,4,0.0,0.0,0.0,0,0,0,0
1d.sql,false,39,33,1,5,0,17,16,0,0,0,0,0,0,0,0,0,0,4,0.0,0.0,0.0,0,0,0,0
1c.sql,true,22,16,1,5,0,14,2,0,0,0,0,0,0,0,0,0,0,3,0.0,0.0,0.0,0,0,0,0
1c.sql,false,22,16,0,5,0,14,2,0,0,0,0,0,0,0,0,0,0,3,0.0,0.0,0.0,0,0,0,0
1b.sql,true,37,31,0,6,0,16,15,0,0,0,0,0,0,0,0,0,0,3,0.0,0.0,0.0,0,0,0,0
1b.sql,false,59,49,1,8,0,24,25,0,0,0,0,0,0,0,0,0,0,3,0.0,0.0,0.0,0,0,0,0
1a.sql,true,26,16,0,10,0,14,2,0,0,0,0,0,0,0,0,0,0,142,0.0,0.0,0.0,0,0,0,0
1a.sql,false,26,16,1,9,0,13,3,0,0,0,0,0,0,0,0,0,0,142,0.0,0.0,0.0,0,0,0,0
19d.sql,true,1064,88,785,176,15,46,42,0,15,0,0,0,3978,0,0,0,0,1760645,0.0,0.0,0.0,0,0,0,0
19d.sql,false,508,51,181,260,15,20,31,0,15,0,0,0,5030,0,0,0,0,1760645,0.0,0.0,0.0,0,0,0,0
19c.sql,true,347,322,25,0,0,289,33,0,0,0,0,0,322,0,0,0,0,3575,0.0,0.0,0.0,0,0,0,0
19c.sql,false,328,303,24,1,0,270,33,0,0,0,0,0,339,0,0,0,0,3575,0.0,0.0,0.0,0,0,0,0
19b.sql,true,336,330,1,5,0,299,31,0,0,0,0,0,1,0,0,0,0,15,0.0,0.0,0.0,0,0,0,0
19b.sql,false,347,342,1,4,0,310,32,0,0,0,0,0,1,0,0,0,0,15,0.0,0.0,0.0,0,0,0,0
19a.sql,true,361,351,6,4,0,306,45,0,0,0,0,0,72,0,0,0,0,184,0.0,0.0,0.0,0,0,0,0
19a.sql,false,358,348,6,4,0,302,46,0,0,0,0,0,64,0,0,0,0,184,0.0,0.0,0.0,0,0,0,0
18c.sql,true,69,43,21,5,0,18,25,0,0,0,0,0,224,0,0,0,0,28073,0.0,0.0,0.0,0,0,0,0
18c.sql,false,70,43,22,5,0,18,25,0,0,0,0,0,213,0,0,0,0,28073,0.0,0.0,0.0,0,0,0,0
18b.sql,true,58,54,3,1,0,27,27,0,0,0,0,0,27,0,0,0,0,11,0.0,0.0,0.0,0,0,0,0
18b.sql,false,58,54,3,1,0,26,28,0,0,0,0,0,30,0,0,0,0,11,0.0,0.0,0.0,0,0,0,0
18a.sql,true,85,66,18,1,0,30,36,0,0,0,0,0,235,0,0,0,0,410,0.0,0.0,0.0,0,0,0,0
18a.sql,false,82,66,16,0,0,29,37,0,0,0,0,0,190,0,0,0,0,410,0.0,0.0,0.0,0,0,0,0
17f.sql,true,254,19,127,103,5,18,1,0,5,0,0,0,1149,0,0,0,0,1113120,0.0,0.0,0.0,0,0,0,0
17f.sql,false,300,17,123,155,5,16,1,0,5,0,0,0,1177,0,0,0,0,1113120,0.0,0.0,0.0,0,0,0,0
17e.sql,true,643,5,184,442,12,3,2,0,12,0,0,0,1777,0,0,0,0,2832555,0.0,0.0,0.0,0,0,0,0
17e.sql,false,448,5,153,278,12,3,2,0,12,0,0,0,1701,0,0,0,0,2832555,0.0,0.0,0.0,0,0,0,0
17d.sql,true,30,16,12,2,0,15,1,0,0,0,0,0,243,0,0,0,0,11538,0.0,0.0,0.0,0,0,0,0
17d.sql,false,30,16,12,2,0,15,1,0,0,0,0,0,231,0,0,0,0,11538,0.0,0.0,0.0,0,0,0,0
17c.sql,true,20,15,4,1,0,15,0,0,0,0,0,0,60,0,0,0,0,1918,0.0,0.0,0.0,0,0,0,0
17c.sql,false,20,15,4,1,0,15,0,0,0,0,0,0,62,0,0,0,0,1918,0.0,0.0,0.0,0,0,0,0
17b.sql,true,58,16,34,8,0,15,1,0,0,0,0,0,773,0,0,0,0,52306,0.0,0.0,0.0,0,0,0,0
17b.sql,false,54,16,32,5,1,15,1,0,1,0,0,0,740,0,0,0,0,52306,0.0,0.0,0.0,0,0,0,0
17a.sql,true,154,19,106,26,3,16,3,0,3,0,0,0,1045,0,0,0,0,258289,0.0,0.0,0.0,0,0,0,0
17a.sql,false,135,20,85,28,2,18,2,0,2,0,0,0,1138,0,0,0,0,258289,0.0,0.0,0.0,0,0,0,0
16d.sql,true,59,11,23,23,2,8,3,0,2,0,0,0,290,0,0,0,0,249455,0.0,0.0,0.0,0,0,0,0
16d.sql,false,59,11,21,24,3,8,3,0,3,0,0,0,263,0,0,0,0,249455,0.0,0.0,0.0,0,0,0,0
16c.sql,true,72,12,27,30,3,8,4,0,3,0,0,0,374,0,0,0,0,319932,0.0,0.0,0.0,0,0,0,0
16c.sql,false,69,12,24,30,3,9,3,0,3,0,0,0,336,0,0,0,0,319932,0.0,0.0,0.0,0,0,0,0
16b.sql,true,633,4,240,358,31,2,2,0,31,0,0,0,3321,0,0,0,0,3710592,0.0,0.0,0.0,0,0,0,0
16b.sql,false,613,4,240,337,32,2,2,0,32,0,0,0,2902,0,0,0,0,3710592,0.0,0.0,0.0,0,0,0,0
16a.sql,true,12,8,4,0,0,5,3,0,0,0,0,0,30,0,0,0,0,385,0.0,0.0,0.0,0,0,0,0
16a.sql,false,14,8,4,2,0,5,3,0,0,0,0,0,61,0,0,0,0,385,0.0,0.0,0.0,0,0,0,0
15d.sql,true,45,36,6,2,0,31,5,0,0,0,0,0,133,0,0,0,0,11347,0.0,0.0,0.0,0,0,0,0
15d.sql,false,43,35,7,1,0,29,6,0,0,0,0,0,125,0,0,0,0,11347,0.0,0.0,0.0,0,0,0,0
15c.sql,true,43,40,2,1,0,37,3,0,0,0,0,0,22,0,0,0,0,2271,0.0,0.0,0.0,0,0,0,0
15c.sql,false,44,41,1,2,0,38,3,0,0,0,0,0,16,0,0,0,0,2271,0.0,0.0,0.0,0,0,0,0
15b.sql,true,57,51,1,5,0,44,7,0,0,0,0,0,1,0,0,0,0,37,0.0,0.0,0.0,0,0,0,0
15b.sql,false,56,51,1,4,0,44,7,0,0,0,0,0,1,0,0,0,0,37,0.0,0.0,0.0,0,0,0,0
15a.sql,true,57,54,2,1,0,45,9,0,0,0,0,0,14,0,0,0,0,328,0.0,0.0,0.0,0,0,0,0
15a.sql,false,57,54,3,0,0,45,9,0,0,0,0,0,23,0,0,0,0,328,0.0,0.0,0.0,0,0,0,0
14c.sql,true,66,58,8,0,0,34,24,0,0,0,0,0,89,0,0,0,0,4115,0.0,0.0,0.0,0,0,0,0
14c.sql,false,58,49,8,1,0,24,25,0,0,0,0,0,111,0,0,0,0,4115,0.0,0.0,0.0,0,0,0,0
14b.sql,true,38,33,1,4,0,18,15,0,0,0,0,0,1,0,0,0,0,1,0.0,0.0,0.0,0,0,0,0
14b.sql,false,38,33,0,5,0,19,14,0,0,0,0,0,1,0,0,0,0,1,0.0,0.0,0.0,0,0,0,0
14a.sql,true,48,40,8,0,0,19,21,0,0,0,0,0,96,0,0,0,0,761,0.0,0.0,0.0,0,0,0,0
14a.sql,false,51,42,9,0,0,20,22,0,0,0,0,0,154,0,0,0,0,761,0.0,0.0,0.0,0,0,0,0
13d.sql,true,239,6,161,64,8,4,2,0,8,0,0,0,3487,0,0,0,0,670390,0.0,0.0,0.0,0,0,0,0
13d.sql,false,224,7,146,62,9,5,2,0,9,0,0,0,2818,0,0,0,0,670390,0.0,0.0,0.0,0,0,0,0
13c.sql,true,27,21,2,4,0,19,2,0,0,0,0,0,1,0,0,0,0,53,0.0,0.0,0.0,0,0,0,0
13c.sql,false,26,20,2,4,0,18,2,0,0,0,0,0,1,0,0,0,0,53,0.0,0.0,0.0,0,0,0,0
13b.sql,true,27,24,3,0,0,22,2,0,0,0,0,0,16,0,0,0,0,372,0.0,0.0,0.0,0,0,0,0
13b.sql,false,28,25,2,1,0,23,2,0,0,0,0,0,16,0,0,0,0,372,0.0,0.0,0.0,0,0,0,0
13a.sql,true,45,5,27,11,2,5,0,0,2,0,0,0,545,0,0,0,0,111101,0.0,0.0,0.0,0,0,0,0
13a.sql,false,47,5,30,10,2,4,1,0,2,0,0,0,589,0,0,0,0,111101,0.0,0.0,0.0,0,0,0,0
12c.sql,true,48,27,20,1,0,15,12,0,0,0,0,0,248,0,0,0,0,4711,0.0,0.0,0.0,0,0,0,0
12c.sql,false,53,29,23,1,0,17,12,0,0,0,0,0,402,0,0,0,0,4711,0.0,0.0,0.0,0,0,0,0
12b.sql,true,22,16,1,5,0,14,2,0,0,0,0,0,1,0,0,0,0,10,0.0,0.0,0.0,0,0,0,0
12b.sql,false,22,17,1,4,0,15,2,0,0,0,0,0,1,0,0,0,0,10,0.0,0.0,0.0,0,0,0,0
12a.sql,true,30,23,7,0,0,13,10,0,0,0,0,0,62,0,0,0,0,397,0.0,0.0,0.0,0,0,0,0
12a.sql,false,30,23,6,1,0,13,10,0,0,0,0,0,64,0,0,0,0,397,0.0,0.0,0.0,0,0,0,0
11d.sql,true,72,53,13,5,1,23,30,0,1,0,0,0,261,0,0,0,0,14899,0.0,0.0,0.0,0,0,0,0
11d.sql,false,67,51,11,4,1,22,29,0,1,0,0,0,221,0,0,0,0,14899,0.0,0.0,0.0,0,0,0,0
11c.sql,true,64,53,8,3,0,24,29,0,0,0,0,0,175,0,0,0,0,6946,0.0,0.0,0.0,0,0,0,0
11c.sql,false,62,50,10,2,0,22,28,0,0,0,0,0,160,0,0,0,0,6946,0.0,0.0,0.0,0,0,0,0
11b.sql,true,49,44,1,4,0,17,27,0,0,0,0,0,1,0,0,0,0,14,0.0,0.0,0.0,0,0,0,0
11b.sql,false,50,45,1,4,0,18,27,0,0,0,0,0,1,0,0,0,0,14,0.0,0.0,0.0,0,0,0,0
11a.sql,true,53,49,2,1,0,20,29,0,0,0,0,0,24,0,0,0,0,310,0.0,0.0,0.0,0,0,0,0
11a.sql,false,52,49,3,0,0,20,29,0,0,0,0,0,28,0,0,0,0,310,0.0,0.0,0.0,0,0,0,0
10c.sql,true,189,93,94,2,0,63,30,0,0,0,0,0,4466,0,0,0,0,10,0.0,0.0,0.0,0,0,0,0
10c.sql,false,187,91,94,2,0,62,29,0,0,0,0,0,4380,0,0,0,0,10,0.0,0.0,0.0,0,0,0,0
10b.sql,true,86,85,1,0,0,58,27,0,0,0,0,0,1,0,0,0,0,0,0.0,0.0,0.0,0,0,0,0
10b.sql,false,88,87,1,0,0,57,30,0,0,0,0,0,1,0,0,0,0,0,0.0,0.0,0.0,0,0,0,0
10a.sql,true,68,64,3,0,0,58,6,0,0,0,0,0,23,0,0,0,0,104,0.0,0.0,0.0,0,0,0,0
10a.sql,false,66,63,2,1,0,58,5,0,0,0,0,0,22,0,0,0,0,104,0.0,0.0,0.0,0,0,0,0
