Query,IsWarmup,Millis,PreMillis,JoinMillis,MatMillis,PostMillis,FilterMillis,IndexMillis,GroupByMillis,AggregateMillis,HavingMillis,OrderMillis,Tuples,Samples,Lookups,NrIndexEntries,nrUniqueLookups,NrPlans,JoinCard,AvgReward,MaxReward,TotalWork,DataSize,UctSize,StateSize,JoinSize
9d.sql,true,9237,531,655,285,29,190,341,0,28,0,0,0,596,0,0,0,0,483082,0.0,0.0,0.0,0,0,0,0
9d.sql,false,788,483,179,117,9,118,365,0,9,0,0,0,1653,0,0,0,0,483082,0.0,0.0,0.0,0,0,0,0
9c.sql,true,309,253,38,18,0,128,125,0,0,0,0,0,420,0,0,0,0,8144,0.0,0.0,0.0,0,0,0,0
9c.sql,false,291,153,135,2,0,113,40,0,0,0,0,0,204,0,0,0,0,8144,0.0,0.0,0.0,0,0,0,0
9b.sql,true,151,106,44,1,0,57,49,0,0,0,0,0,144,0,0,0,0,40,0.0,0.0,0.0,0,0,0,0
9b.sql,false,117,101,6,10,0,58,43,0,0,0,0,0,52,0,0,0,0,40,0.0,0.0,0.0,0,0,0,0
9a.sql,true,142,127,7,8,0,67,60,0,0,0,0,0,67,0,0,0,0,121,0.0,0.0,0.0,0,0,0,0
9a.sql,false,142,126,7,8,1,66,60,0,1,0,0,0,78,0,0,0,0,121,0.0,0.0,0.0,0,0,0,0
8d.sql,true,112,5,52,52,3,2,3,0,3,0,0,0,754,0,0,0,0,323005,0.0,0.0,0.0,0,0,0,0
8d.sql,false,100,6,54,37,3,3,3,0,3,0,0,0,777,0,0,0,0,323005,0.0,0.0,0.0,0,0,0,0
8c.sql,true,734,5,438,269,22,3,2,0,22,0,0,0,6647,0,0,0,0,2487611,0.0,0.0,0.0,0,0,0,0
8c.sql,false,712,6,440,245,21,3,3,0,21,0,0,0,5437,0,0,0,0,2487611,0.0,0.0,0.0,0,0,0,0
8b.sql,true,60,51,2,7,0,39,12,0,0,0,0,0,1,0,0,0,0,6,0.0,0.0,0.0,0,0,0,0
8b.sql,false,57,48,1,8,0,38,10,0,0,0,0,0,1,0,0,0,0,6,0.0,0.0,0.0,0,0,0,0
8a.sql,true,58,44,6,8,0,33,11,0,0,0,0,0,71,0,0,0,0,62,0.0,0.0,0.0,0,0,0,0
8a.sql,false,49,44,5,0,0,32,12,0,0,0,0,0,37,0,0,0,0,62,0.0,0.0,0.0,0,0,0,0
7c.sql,true,263,64,183,15,1,44,20,0,1,0,0,0,2307,0,0,0,0,68185,0.0,0.0,0.0,0,0,0,0
7c.sql,false,132,63,60,8,1,43,20,0,1,0,0,0,1005,0,0,0,0,68185,0.0,0.0,0.0,0,0,0,0
7b.sql,true,64,55,1,8,0,40,15,0,0,0,0,0,1,0,0,0,0,16,0.0,0.0,0.0,0,0,0,0
7b.sql,false,63,53,1,8,0,39,14,0,0,0,0,0,1,0,0,0,0,16,0.0,0.0,0.0,0,0,0,0
7a.sql,true,56,46,2,8,0,33,13,0,0,0,0,0,9,0,0,0,0,32,0.0,0.0,0.0,0,0,0,0
7a.sql,false,57,47,2,7,1,34,13,0,1,0,0,0,1,0,0,0,0,32,0.0,0.0,0.0,0,0,0,0
6f.sql,true,243,18,102,112,11,14,4,0,11,0,0,0,713,0,0,0,0,785477,0.0,0.0,0.0,0,0,0,0
6f.sql,false,263,18,99,135,11,14,4,0,11,0,0,0,729,0,0,0,0,785477,0.0,0.0,0.0,0,0,0,0
6e.sql,true,57,47,1,9,0,43,4,0,0,0,0,0,0,0,0,0,0,6,0.0,0.0,0.0,0,0,0,0
6e.sql,false,56,46,1,8,1,42,4,0,1,0,0,0,0,0,0,0,0,6,0.0,0.0,0.0,0,0,0,0
6d.sql,true,49,47,2,0,0,43,4,0,0,0,0,0,17,0,0,0,0,88,0.0,0.0,0.0,0,0,0,0
6d.sql,false,56,46,2,8,0,42,4,0,0,0,0,0,19,0,0,0,0,88,0.0,0.0,0.0,0,0,0,0
6c.sql,true,40,31,0,9,0,31,0,0,0,0,0,0,0,0,0,0,0,2,0.0,0.0,0.0,0,0,0,0
6c.sql,false,40,31,0,9,0,31,0,0,0,0,0,0,0,0,0,0,0,2,0.0,0.0,0.0,0,0,0,0
6b.sql,true,40,31,1,8,0,31,0,0,0,0,0,0,0,0,0,0,0,12,0.0,0.0,0.0,0,0,0,0
6b.sql,false,40,31,1,8,0,31,0,0,0,0,0,0,0,0,0,0,0,12,0.0,0.0,0.0,0,0,0,0
6a.sql,true,46,36,1,9,0,35,1,0,0,0,0,0,0,0,0,0,0,6,0.0,0.0,0.0,0,0,0,0
6a.sql,false,45,36,1,8,0,34,2,0,0,0,0,0,0,0,0,0,0,6,0.0,0.0,0.0,0,0,0,0
5c.sql,true,92,83,1,8,0,58,25,0,0,0,0,0,10,0,0,0,0,669,0.0,0.0,0.0,0,0,0,0
5c.sql,false,143,134,1,8,0,109,25,0,0,0,0,0,12,0,0,0,0,669,0.0,0.0,0.0,0,0,0,0
5b.sql,true,92,91,1,0,0,77,14,0,0,0,0,0,0,0,0,0,0,0,0.0,0.0,0.0,0,0,0,0
5b.sql,false,91,89,0,1,1,76,13,0,0,0,0,0,0,0,0,0,0,0,0.0,0.0,0.0,0,0,0,0
5a.sql,true,34,33,0,1,0,24,9,0,0,0,0,0,0,0,0,0,0,0,0.0,0.0,0.0,0,0,0,0
5a.sql,false,36,35,1,0,0,26,9,0,0,0,0,0,0,0,0,0,0,0,0.0,0.0,0.0,0,0,0,0
4c.sql,true,52,46,3,3,0,27,19,0,0,0,0,0,26,0,0,0,0,4700,0.0,0.0,0.0,0,0,0,0
4c.sql,false,52,47,3,2,0,29,18,0,0,0,0,0,27,0,0,0,0,4700,0.0,0.0,0.0,0,0,0,0
4b.sql,true,21,12,1,7,0,9,3,0,0,0,0,0,0,0,0,0,0,6,0.0,0.0,0.0,0,0,0,0
4b.sql,false,21,12,1,8,0,9,3,0,0,0,0,0,0,0,0,0,0,6,0.0,0.0,0.0,0,0,0,0
4a.sql,true,35,32,2,1,0,19,13,0,0,0,0,0,21,0,0,0,0,740,0.0,0.0,0.0,0,0,0,0
4a.sql,false,36,33,3,0,0,20,13,0,0,0,0,0,20,0,0,0,0,740,0.0,0.0,0.0,0,0,0,0
3c.sql,true,52,48,3,1,0,31,17,0,0,0,0,0,21,0,0,0,0,7250,0.0,0.0,0.0,0,0,0,0
3c.sql,false,53,49,3,1,0,34,15,0,0,0,0,0,21,0,0,0,0,7250,0.0,0.0,0.0,0,0,0,0
3b.sql,true,17,9,2,6,0,7,2,0,0,0,0,0,9,0,0,0,0,5,0.0,0.0,0.0,0,0,0,0
3b.sql,false,17,9,1,7,0,8,1,0,0,0,0,0,11,0,0,0,0,5,0.0,0.0,0.0,0,0,0,0
3a.sql,true,25,22,3,0,0,16,6,0,0,0,0,0,21,0,0,0,0,206,0.0,0.0,0.0,0,0,0,0
3a.sql,false,25,22,2,1,0,15,7,0,0,0,0,0,19,0,0,0,0,206,0.0,0.0,0.0,0,0,0,0
33c.sql,true,39,31,7,1,0,17,14,0,0,0,0,0,53,0,0,0,0,114,0.0,0.0,0.0,0,0,0,0
33c.sql,false,40,30,8,1,1,17,13,0,1,0,0,0,112,0,0,0,0,114,0.0,0.0,0.0,0,0,0,0
33b.sql,true,57,52,4,0,0,43,9,0,0,0,0,0,18,0,0,0,0,4,0.0,0.0,0.0,0,0,0,0
33b.sql,false,27,22,5,0,0,13,9,0,0,0,0,0,27,0,0,0,0,4,0.0,0.0,0.0,0,0,0,0
33a.sql,true,32,28,4,0,0,15,13,0,0,0,0,0,26,0,0,0,0,8,0.0,0.0,0.0,0,0,0,0
33a.sql,false,46,41,5,0,0,21,20,0,0,0,0,0,25,0,0,0,0,8,0.0,0.0,0.0,0,0,0,0
32b.sql,true,8,1,5,2,0,1,0,0,0,0,0,0,57,0,0,0,0,4388,0.0,0.0,0.0,0,0,0,0
32b.sql,false,7,1,5,1,0,1,0,0,0,0,0,0,55,0,0,0,0,4388,0.0,0.0,0.0,0,0,0,0
32a.sql,true,2,0,0,1,0,0,0,0,0,0,0,0,0,0,0,0,0,0,0.0,0.0,0.0,0,0,0,0
32a.sql,false,2,1,1,0,0,1,0,0,0,0,0,0,0,0,0,0,0,0,0.0,0.0,0.0,0,0,0,0
31c.sql,true,57,48,7,2,0,15,33,0,0,0,0,0,108,0,0,0,0,2825,0.0,0.0,0.0,0,0,0,0
31c.sql,false,75,67,6,1,1,31,36,0,1,0,0,0,66,0,0,0,0,2825,0.0,0.0,0.0,0,0,0,0
31b.sql,true,95,87,3,5,0,61,26,0,0,0,0,0,1,0,0,0,0,84,0.0,0.0,0.0,0,0,0,0
31b.sql,false,100,96,3,1,0,57,39,0,0,0,0,0,16,0,0,0,0,84,0.0,0.0,0.0,0,0,0,0
31a.sql,true,89,83,5,1,0,45,38,0,0,0,0,0,40,0,0,0,0,1273,0.0,0.0,0.0,0,0,0,0
31a.sql,false,91,83,7,1,0,46,37,0,0,0,0,0,85,0,0,0,0,1273,0.0,0.0,0.0,0,0,0,0
30c.sql,true,102,87,13,2,0,48,39,0,0,0,0,0,132,0,0,0,0,8024,0.0,0.0,0.0,0,0,0,0
30c.sql,false,106,87,17,2,0,46,41,0,0,0,0,0,189,0,0,0,0,8024,0.0,0.0,0.0,0,0,0,0
30b.sql,true,102,97,4,1,0,59,38,0,0,0,0,0,16,0,0,0,0,28,0.0,0.0,0.0,0,0,0,0
30b.sql,false,80,75,3,2,0,37,38,0,0,0,0,0,20,0,0,0,0,28,0.0,0.0,0.0,0,0,0,0
30a.sql,true,115,98,16,0,0,57,41,0,0,0,0,0,205,0,0,0,0,757,0.0,0.0,0.0,0,0,0,0
30a.sql,false,115,98,16,1,0,57,41,0,0,0,0,0,218,0,0,0,0,757,0.0,0.0,0.0,0,0,0,0
2d.sql,true,26,5,12,9,0,2,3,0,0,0,0,0,143,0,0,0,0,68316,0.0,0.0,0.0,0,0,0,0
2d.sql,false,25,5,12,8,0,2,3,0,0,0,0,0,142,0,0,0,0,68316,0.0,0.0,0.0,0,0,0,0
2c.sql,true,3,2,1,0,0,2,0,0,0,0,0,0,0,0,0,0,0,0,0.0,0.0,0.0,0,0,0,0
2c.sql,false,3,2,1,0,0,2,0,0,0,0,0,0,0,0,0,0,0,0,0.0,0.0,0.0,0,0,0,0
2b.sql,true,12,2,9,1,0,2,0,0,0,0,0,0,122,0,0,0,0,5228,0.0,0.0,0.0,0,0,0,0
2b.sql,false,11,1,9,1,0,1,0,0,0,0,0,0,120,0,0,0,0,5228,0.0,0.0,0.0,0,0,0,0
2a.sql,true,13,2,10,1,0,2,0,0,0,0,0,0,134,0,0,0,0,7834,0.0,0.0,0.0,0,0,0,0
2a.sql,false,12,2,9,1,0,2,0,0,0,0,0,0,122,0,0,0,0,7834,0.0,0.0,0.0,0,0,0,0
29c.sql,true,448,400,45,3,0,352,48,0,0,0,0,0,619,0,0,0,0,16308,0.0,0.0,0.0,0,0,0,0
29c.sql,false,385,354,27,3,1,319,35,0,1,0,0,0,358,0,0,0,0,16308,0.0,0.0,0.0,0,0,0,0
29b.sql,true,253,243,10,0,0,195,48,0,0,0,0,0,97,0,0,0,0,15,0.0,0.0,0.0,0,0,0,0
29b.sql,false,271,265,5,1,0,218,47,0,0,0,0,0,11,0,0,0,0,15,0.0,0.0,0.0,0,0,0,0
29a.sql,true,383,373,8,2,0,334,39,0,0,0,0,0,71,0,0,0,0,1620,0.0,0.0,0.0,0,0,0,0
29a.sql,false,384,375,7,0,1,340,35,0,1,0,0,0,19,0,0,0,0,1620,0.0,0.0,0.0,0,0,0,0
28c.sql,true,131,101,27,3,0,61,40,0,0,0,0,0,208,0,0,0,0,8373,0.0,0.0,0.0,0,0,0,0
28c.sql,false,97,80,14,3,0,43,37,0,0,0,0,0,204,0,0,0,0,8373,0.0,0.0,0.0,0,0,0,0
28b.sql,true,85,71,13,1,0,50,21,0,0,0,0,0,108,0,0,0,0,148,0.0,0.0,0.0,0,0,0,0
28b.sql,false,78,65,11,2,0,35,30,0,0,0,0,0,93,0,0,0,0,148,0.0,0.0,0.0,0,0,0,0
28a.sql,true,118,82,35,1,0,45,37,0,0,0,0,0,602,0,0,0,0,4803,0.0,0.0,0.0,0,0,0,0
28a.sql,false,104,83,20,1,0,46,37,0,0,0,0,0,345,0,0,0,0,4803,0.0,0.0,0.0,0,0,0,0
27c.sql,true,99,95,3,1,0,45,50,0,0,0,0,0,25,0,0,0,0,743,0.0,0.0,0.0,0,0,0,0
27c.sql,false,182,177,4,0,0,116,61,0,0,0,0,0,21,0,0,0,0,743,0.0,0.0,0.0,0,0,0,0
27b.sql,true,97,91,4,1,0,42,49,0,0,0,0,0,29,0,0,0,0,247,0.0,0.0,0.0,0,0,0,0
27b.sql,false,94,89,5,0,0,43,46,0,0,0,0,0,32,0,0,0,0,247,0.0,0.0,0.0,0,0,0,0
27a.sql,true,103,98,4,1,0,49,49,0,0,0,0,0,24,0,0,0,0,477,0.0,0.0,0.0,0,0,0,0
27a.sql,false,106,101,5,0,0,51,50,0,0,0,0,0,34,0,0,0,0,477,0.0,0.0,0.0,0,0,0,0
26c.sql,true,144,70,72,1,1,50,20,0,1,0,0,0,1002,0,0,0,0,5400,0.0,0.0,0.0,0,0,0,0
26c.sql,false,84,47,35,1,0,42,5,0,0,0,0,0,650,0,0,0,0,5400,0.0,0.0,0.0,0,0,0,0
26b.sql,true,72,48,23,1,0,41,7,0,0,0,0,0,319,0,0,0,0,93,0.0,0.0,0.0,0,0,0,0
26b.sql,false,68,48,20,0,0,40,8,0,0,0,0,0,222,0,0,0,0,93,0.0,0.0,0.0,0,0,0,0
26a.sql,true,80,52,27,1,0,42,10,0,0,0,0,0,492,0,0,0,0,1728,0.0,0.0,0.0,0,0,0,0
26a.sql,false,84,53,30,0,1,42,11,0,1,0,0,0,518,0,0,0,0,1728,0.0,0.0,0.0,0,0,0,0
25c.sql,true,158,133,20,4,1,107,26,0,1,0,0,0,197,0,0,0,0,26153,0.0,0.0,0.0,0,0,0,0
25c.sql,false,104,81,18,4,1,42,39,0,1,0,0,0,206,0,0,0,0,26153,0.0,0.0,0.0,0,0,0,0
25b.sql,true,86,75,1,10,0,39,36,0,0,0,0,0,1,0,0,0,0,6,0.0,0.0,0.0,0,0,0,0
25b.sql,false,91,80,0,10,0,45,35,0,0,0,0,0,1,0,0,0,0,6,0.0,0.0,0.0,0,0,0,0
25a.sql,true,53,42,9,1,1,18,24,0,1,0,0,0,84,0,0,0,0,4407,0.0,0.0,0.0,0,0,0,0
25a.sql,false,50,39,10,1,0,15,24,0,0,0,0,0,88,0,0,0,0,4407,0.0,0.0,0.0,0,0,0,0
24b.sql,true,358,352,2,4,0,322,30,0,0,0,0,0,16,0,0,0,0,45,0.0,0.0,0.0,0,0,0,0
24b.sql,false,351,345,1,5,0,316,29,0,0,0,0,0,1,0,0,0,0,45,0.0,0.0,0.0,0,0,0,0
24a.sql,true,355,345,10,0,0,313,32,0,0,0,0,0,133,0,0,0,0,275,0.0,0.0,0.0,0,0,0,0
24a.sql,false,357,345,11,1,0,313,32,0,0,0,0,0,195,0,0,0,0,275,0.0,0.0,0.0,0,0,0,0
23c.sql,true,55,52,3,0,0,44,8,0,0,0,0,0,22,0,0,0,0,628,0.0,0.0,0.0,0,0,0,0
23c.sql,false,54,51,2,1,0,42,9,0,0,0,0,0,23,0,0,0,0,628,0.0,0.0,0.0,0,0,0,0
23b.sql,true,50,44,2,4,0,37,7,0,0,0,0,0,1,0,0,0,0,16,0.0,0.0,0.0,0,0,0,0
23b.sql,false,51,45,1,5,0,37,8,0,0,0,0,0,13,0,0,0,0,16,0.0,0.0,0.0,0,0,0,0
23a.sql,true,52,49,2,0,0,41,8,0,0,0,0,0,20,0,0,0,0,618,0.0,0.0,0.0,0,0,0,0
23a.sql,false,51,48,3,0,0,41,7,0,0,0,0,0,24,0,0,0,0,618,0.0,0.0,0.0,0,0,0,0
22d.sql,true,112,91,14,6,1,45,46,0,1,0,0,0,225,0,0,0,0,46281,0.0,0.0,0.0,0,0,0,0
22d.sql,false,110,89,13,7,1,44,45,0,1,0,0,0,228,0,0,0,0,46281,0.0,0.0,0.0,0,0,0,0
22c.sql,true,134,114,16,4,0,60,54,0,0,0,0,0,227,0,0,0,0,21489,0.0,0.0,0.0,0,0,0,0
22c.sql,false,88,73,12,3,0,38,35,0,0,0,0,0,154,0,0,0,0,21489,0.0,0.0,0.0,0,0,0,0
22b.sql,true,83,69,13,0,0,37,32,0,0,0,0,0,168,0,0,0,0,31,0.0,0.0,0.0,0,0,0,0
22b.sql,false,83,69,13,1,0,36,33,0,0,0,0,0,148,0,0,0,0,31,0.0,0.0,0.0,0,0,0,0
22a.sql,true,83,70,12,1,0,37,33,0,0,0,0,0,154,0,0,0,0,2851,0.0,0.0,0.0,0,0,0,0
22a.sql,false,84,72,11,0,0,38,34,0,0,0,0,0,117,0,0,0,0,2851,0.0,0.0,0.0,0,0,0,0
21c.sql,true,78,72,5,1,0,29,43,0,0,0,0,0,46,0,0,0,0,1874,0.0,0.0,0.0,0,0,0,0
21c.sql,false,87,81,5,1,0,28,53,0,0,0,0,0,37,0,0,0,0,1874,0.0,0.0,0.0,0,0,0,0
21b.sql,true,98,86,4,8,0,35,51,0,0,0,0,0,29,0,0,0,0,38,0.0,0.0,0.0,0,0,0,0
21b.sql,false,89,85,4,0,0,36,49,0,0,0,0,0,31,0,0,0,0,38,0.0,0.0,0.0,0,0,0,0
21a.sql,true,92,86,4,2,0,36,50,0,0,0,0,0,34,0,0,0,0,1410,0.0,0.0,0.0,0,0,0,0
21a.sql,false,91,85,4,2,0,36,49,0,0,0,0,0,29,0,0,0,0,1410,0.0,0.0,0.0,0,0,0,0
20c.sql,true,96,62,31,3,0,48,14,0,0,0,0,0,517,0,0,0,0,5406,0.0,0.0,0.0,0,0,0,0
20c.sql,false,70,45,24,1,0,39,6,0,0,0,0,0,396,0,0,0,0,5406,0.0,0.0,0.0,0,0,0,0
20b.sql,true,103,98,1,3,0,94,4,0,0,0,0,0,1,0,0,0,0,17,0.0,0.0,0.0,0,0,0,0
20b.sql,false,103,99,2,2,0,93,6,0,0,0,0,0,1,0,0,0,0,17,0.0,0.0,0.0,0,0,0,0
20a.sql,true,92,87,3,2,0,78,9,0,0,0,0,0,36,0,0,0,0,33,0.0,0.0,0.0,0,0,0,0
20a.sql,false,83,78,3,2,0,69,9,0,0,0,0,0,44,0,0,0,0,33,0.0,0.0,0.0,0,0,0,0
1d.sql,true,41,35,1,5,0,20,15,0,0,0,0,0,0,0,0,0,0,4,0.0,0.0,0.0,0,0,0,0
1d.sql,false,37,31,1,5,0,16,15,0,0,0,0,0,0,0,0,0,0,4,0.0,0.0,0.0,0,0,0,0
1c.sql,true,23,17,1,5,0,15,2,0,0,0,0,0,0,0,0,0,0,3,0.0,0.0,0.0,0,0,0,0
1c.sql,false,22,16,0,5,0,14,2,0,0,0,0,0,0,0,0,0,0,3,0.0,0.0,0.0,0,0,0,0
1b.sql,true,39,33,1,5,0,17,16,0,0,0,0,0,0,0,0,0,0,3,0.0,0.0,0.0,0,0,0,0
1b.sql,false,38,32,0,6,0,18,14,0,0,0,0,0,0,0,0,0,0,3,0.0,0.0,0.0,0,0,0,0
1a.sql,true,25,18,1,5,1,16,2,0,1,0,0,0,0,0,0,0,0,142,0.0,0.0,0.0,0,0,0,0
1a.sql,false,23,17,1,5,0,15,2,0,0,0,0,0,0,0,0,0,0,142,0.0,0.0,0.0,0,0,0,0
19d.sql,true,557,51,227,264,15,22,29,0,15,0,0,0,5537,0,0,0,0,1760645,0.0,0.0,0.0,0,0,0,0
19d.sql,false,431,48,195,173,15,21,27,0,15,0,0,0,3821,0,0,0,0,1760645,0.0,0.0,0.0,0,0,0,0
19c.sql,true,388,362,25,0,1,328,34,0,0,0,0,0,328,0,0,0,0,3575,0.0,0.0,0.0,0,0,0,0
19c.sql,false,373,346,26,1,0,312,34,0,0,0,0,0,365,0,0,0,0,3575,0.0,0.0,0.0,0,0,0,0
19b.sql,true,384,379,0,5,0,348,31,0,0,0,0,0,1,0,0,0,0,15,0.0,0.0,0.0,0,0,0,0
19b.sql,false,377,372,0,5,0,340,32,0,0,0,0,0,1,0,0,0,0,15,0.0,0.0,0.0,0,0,0,0
19a.sql,true,403,397,5,0,0,343,54,0,0,0,0,0,62,0,0,0,0,184,0.0,0.0,0.0,0,0,0,0
19a.sql,false,421,409,5,7,0,354,55,0,0,0,0,0,64,0,0,0,0,184,0.0,0.0,0.0,0,0,0,0
18c.sql,true,82,55,23,4,0,27,28,0,0,0,0,0,225,0,0,0,0,28073,0.0,0.0,0.0,0,0,0,0
18c.sql,false,85,57,24,4,0,28,29,0,0,0,0,0,225,0,0,0,0,28073,0.0,0.0,0.0,0,0,0,0
18b.sql,true,60,57,3,0,0,30,27,0,0,0,0,0,25,0,0,0,0,11,0.0,0.0,0.0,0,0,0,0
18b.sql,false,55,51,3,1,0,24,27,0,0,0,0,0,28,0,0,0,0,11,0.0,0.0,0.0,0,0,0,0
18a.sql,true,81,64,16,1,0,27,37,0,0,0,0,0,206,0,0,0,0,410,0.0,0.0,0.0,0,0,0,0
18a.sql,false,110,89,20,0,1,39,50,0,0,0,0,0,252,0,0,0,0,410,0.0,0.0,0.0,0,0,0,0
17f.sql,true,294,21,156,112,5,20,1,0,4,0,0,0,2571,0,0,0,0,1113120,0.0,0.0,0.0,0,0,0,0
17f.sql,false,314,19,184,106,5,18,1,0,5,0,0,0,2864,0,0,0,0,1113120,0.0,0.0,0.0,0,0,0,0
17e.sql,true,484,3,202,265,13,2,1,0,13,0,0,0,1940,0,0,0,0,2832555,0.0,0.0,0.0,0,0,0,0
17e.sql,false,509,4,237,256,12,2,2,0,12,0,0,0,2253,0,0,0,0,2832555,0.0,0.0,0.0,0,0,0,0
17d.sql,true,29,17,11,1,0,17,0,0,0,0,0,0,207,0,0,0,0,11538,0.0,0.0,0.0,0,0,0,0
17d.sql,false,31,17,12,1,0,17,0,0,0,0,0,0,217,0,0,0,0,11538,0.0,0.0,0.0,0,0,0,0
17c.sql,true,21,16,4,1,0,16,0,0,0,0,0,0,61,0,0,0,0,1918,0.0,0.0,0.0,0,0,0,0
17c.sql,false,21,16,4,1,0,16,0,0,0,0,0,0,62,0,0,0,0,1918,0.0,0.0,0.0,0,0,0,0
17b.sql,true,58,17,33,7,1,16,1,0,1,0,0,0,784,0,0,0,0,52306,0.0,0.0,0.0,0,0,0,0
17b.sql,false,58,18,33,6,1,17,1,0,1,0,0,0,795,0,0,0,0,52306,0.0,0.0,0.0,0,0,0,0
17a.sql,true,167,20,105,39,3,18,2,0,3,0,0,0,1028,0,0,0,0,258289,0.0,0.0,0.0,0,0,0,0
17a.sql,false,143,21,91,28,3,19,2,0,3,0,0,0,969,0,0,0,0,258289,0.0,0.0,0.0,0,0,0,0
16d.sql,true,61,11,21,27,2,8,3,0,2,0,0,0,271,0,0,0,0,249455,0.0,0.0,0.0,0,0,0,0
16d.sql,false,59,11,19,27,2,8,3,0,2,0,0,0,260,0,0,0,0,249455,0.0,0.0,0.0,0,0,0,0
16c.sql,true,71,11,25,32,2,8,3,0,2,0,0,0,362,0,0,0,0,319932,0.0,0.0,0.0,0,0,0,0
16c.sql,false,72,11,25,33,3,8,3,0,3,0,0,0,314,0,0,0,0,319932,0.0,0.0,0.0,0,0,0,0
16b.sql,true,642,4,239,367,32,2,2,0,32,0,0,0,3083,0,0,0,0,3710592,0.0,0.0,0.0,0,0,0,0
16b.sql,false,628,3,270,323,32,1,2,0,32,0,0,0,3333,0,0,0,0,3710592,0.0,0.0,0.0,0,0,0,0
16a.sql,true,13,8,4,1,0,5,3,0,0,0,0,0,38,0,0,0,0,385,0.0,0.0,0.0,0,0,0,0
16a.sql,false,14,8,5,1,0,5,3,0,0,0,0,0,74,0,0,0,0,385,0.0,0.0,0.0,0,0,0,0
15d.sql,true,51,44,5,2,0,38,6,0,0,0,0,0,88,0,0,0,0,11347,0.0,0.0,0.0,0,0,0,0
15d.sql,false,50,42,6,2,0,37,5,0,0,0,0,0,128,0,0,0,0,11347,0.0,0.0,0.0,0,0,0,0
15c.sql,true,51,47,2,1,1,44,3,0,1,0,0,0,24,0,0,0,0,2271,0.0,0.0,0.0,0,0,0,0
15c.sql,false,51,48,2,0,0,44,4,0,0,0,0,0,19,0,0,0,0,2271,0.0,0.0,0.0,0,0,0,0
15b.sql,true,64,59,1,4,0,53,6,0,0,0,0,0,1,0,0,0,0,37,0.0,0.0,0.0,0,0,0,0
15b.sql,false,61,56,1,4,0,50,6,0,0,0,0,0,1,0,0,0,0,37,0.0,0.0,0.0,0,0,0,0
15a.sql,true,63,61,2,0,0,53,8,0,0,0,0,0,17,0,0,0,0,328,0.0,0.0,0.0,0,0,0,0
15a.sql,false,64,62,2,0,0,53,9,0,0,0,0,0,20,0,0,0,0,328,0.0,0.0,0.0,0,0,0,0
14c.sql,true,58,50,7,1,0,23,27,0,0,0,0,0,90,0,0,0,0,4115,0.0,0.0,0.0,0,0,0,0
14c.sql,false,56,48,7,1,0,22,26,0,0,0,0,0,79,0,0,0,0,4115,0.0,0.0,0.0,0,0,0,0
14b.sql,true,36,32,1,3,0,17,15,0,0,0,0,0,1,0,0,0,0,1,0.0,0.0,0.0,0,0,0,0
14b.sql,false,36,32,1,3,0,18,14,0,0,0,0,0,1,0,0,0,0,1,0.0,0.0,0.0,0,0,0,0
14a.sql,true,49,41,7,1,0,18,23,0,0,0,0,0,93,0,0,0,0,761,0.0,0.0,0.0,0,0,0,0
14a.sql,false,51,42,8,1,0,18,24,0,0,0,0,0,113,0,0,0,0,761,0.0,0.0,0.0,0,0,0,0
13d.sql,true,314,6,201,98,9,4,2,0,9,0,0,0,3547,0,0,0,0,670390,0.0,0.0,0.0,0,0,0,0
13d.sql,false,368,6,288,65,8,4,2,0,8,0,0,0,4569,0,0,0,0,670390,0.0,0.0,0.0,0,0,0,0
13c.sql,true,25,23,2,0,0,21,2,0,0,0,0,0,8,0,0,0,0,53,0.0,0.0,0.0,0,0,0,0
13c.sql,false,28,22,1,5,0,20,2,0,0,0,0,0,1,0,0,0,0,53,0.0,0.0,0.0,0,0,0,0
13b.sql,true,29,26,2,1,0,24,2,0,0,0,0,0,14,0,0,0,0,372,0.0,0.0,0.0,0,0,0,0
13b.sql,false,29,25,2,1,1,23,2,0,1,0,0,0,18,0,0,0,0,372,0.0,0.0,0.0,0,0,0,0
13a.sql,true,49,4,31,12,2,4,0,0,2,0,0,0,515,0,0,0,0,111101,0.0,0.0,0.0,0,0,0,0
13a.sql,false,57,4,35,17,1,3,1,0,1,0,0,0,699,0,0,0,0,111101,0.0,0.0,0.0,0,0,0,0
12c.sql,true,48,26,20,2,0,14,12,0,0,0,0,0,226,0,0,0,0,4711,0.0,0.0,0.0,0,0,0,0
12c.sql,false,52,29,22,1,0,16,13,0,0,0,0,0,268,0,0,0,0,4711,0.0,0.0,0.0,0,0,0,0
12b.sql,true,23,17,1,5,0,15,2,0,0,0,0,0,1,0,0,0,0,10,0.0,0.0,0.0,0,0,0,0
12b.sql,false,23,17,1,5,0,15,2,0,0,0,0,0,1,0,0,0,0,10,0.0,0.0,0.0,0,0,0,0
12a.sql,true,29,22,7,0,0,12,10,0,0,0,0,0,75,0,0,0,0,397,0.0,0.0,0.0,0,0,0,0
12a.sql,false,31,23,7,1,0,13,10,0,0,0,0,0,74,0,0,0,0,397,0.0,0.0,0.0,0,0,0,0
11d.sql,true,72,53,15,4,0,21,32,0,0,0,0,0,277,0,0,0,0,14899,0.0,0.0,0.0,0,0,0,0
11d.sql,false,67,52,11,4,0,21,31,0,0,0,0,0,181,0,0,0,0,14899,0.0,0.0,0.0,0,0,0,0
11c.sql,true,66,52,11,3,0,22,30,0,0,0,0,0,171,0,0,0,0,6946,0.0,0.0,0.0,0,0,0,0
11c.sql,false,67,53,10,3,1,23,30,0,1,0,0,0,158,0,0,0,0,6946,0.0,0.0,0.0,0,0,0,0
11b.sql,true,52,47,1,4,0,18,29,0,0,0,0,0,1,0,0,0,0,14,0.0,0.0,0.0,0,0,0,0
11b.sql,false,52,47,1,4,0,17,30,0,0,0,0,0,1,0,0,0,0,14,0.0,0.0,0.0,0,0,0,0
11a.sql,true,55,51,2,2,0,20,31,0,0,0,0,0,27,0,0,0,0,310,0.0,0.0,0.0,0,0,0,0
11a.sql,false,55,52,3,0,0,21,31,0,0,0,0,0,29,0,0,0,0,310,0.0,0.0,0.0,0,0,0,0
10c.sql,true,233,106,125,2,0,72,34,0,0,0,0,0,5045,0,0,0,0,10,0.0,0.0,0.0,0,0,0,0
10c.sql,false,222,103,116,3,0,70,33,0,0,0,0,0,4785,0,0,0,0,10,0.0,0.0,0.0,0,0,0,0
10b.sql,true,95,94,1,0,0,65,29,0,0,0,0,0,1,0,0,0,0,0,0.0,0.0,0.0,0,0,0,0
10b.sql,false,97,96,1,0,0,67,29,0,0,0,0,0,1,0,0,0,0,0,0.0,0.0,0.0,0,0,0,0
10a.sql,true,74,71,3,0,0,66,5,0,0,0,0,0,27,0,0,0,0,104,0.0,0.0,0.0,0,0,0,0
10a.sql,false,72,68,2,2,0,63,5,0,0,0,0,0,26,0,0,0,0,104,0.0,0.0,0.0,0,0,0,0
