Query	Millis	PreMillis	JoinMillis	PostMillis	PreNoIndexMillis	JoinNoMatMillis	Tuples	nrFbacks	Iterations	Lookups	NrIndexEntries	nrUniqueLookups	NrUctNodes	NrPlans	JoinCard	NrSamples	AvgReward	MaxReward	TotalWork
9d.sql	2035	331	1606	75	260	1448	3373833	0	6420895	0	76317958346	699442	173	138	483082	12842	6.048123088856423E-4	0.6812614865067003	2.4311623247071106
9c.sql	309	237	67	0	184	66	166975	0	324167	0	11231468683	68963	126	97	8144	648	0.009455330529017203	0.681291642505519	1.7286719816735396
9b.sql	289	265	18	0	187	18	13127	0	26124	0	1025927214	7371	45	42	40	53	0.08140118964871879	0.8616849158227005	1.6961297373827648
9a.sql	358	332	21	0	207	21	16100	0	31931	0	1441064890	9191	52	49	121	64	0.06482791544588251	0.681278798035962	1.688206807148358
8d.sql	740	6	728	3	2	669	2126299	0	4065336	0	76411755237	622592	47	26	323005	8131	1.0131640598458241E-4	0.7872057223727628	1.7949179722013653
8c.sql	15411	6	15381	22	2	14795	18073885	0	34710455	0	7447262905551	4583983	61	42	2487611	69421	1.3273481923705474E-5	0.6657792730583233	1.7414808204540089
8b.sql	370	354	12	0	348	12	1137	0	2266	0	40206	535	6	5	6	4	0.001795584662913082	0.0042410293303481806	1.0069282733161722
8a.sql	169	150	16	0	141	16	38591	0	77028	0	1209272696	3096	17	14	62	155	0.045345777386238025	0.9120116672095834	2.012517066947729
7c.sql	1906	413	1488	1	286	1480	4014305	0	7563712	0	371872492	2965961	52	39	68185	15127	5.337881790137423E-4	0.4537488672132682	1.0004052149784133
7b.sql	236	227	7	0	145	6	3558	0	6752	0	326717	1942	15	15	16	14	0.03802937061281015	0.30990000129715223	1.0178371021431682
7a.sql	441	427	11	0	306	11	11676	0	22836	0	7457617	6558	36	30	32	45	0.009365934097324431	0.060538796913993054	1.2856531105584892
6f.sql	1130	115	1002	11	34	824	1631784	0	3234680	0	468118463	705	15	7	785477	6470	2.8130605054316535E-4	0.04140190428991969	1.0000807548399446
6e.sql	164	156	6	0	76	6	2762	0	5520	0	1111933	11	12	7	6	12	0.14519842762330507	0.6254843311631638	1.9203454297589357
6d.sql	154	144	8	0	65	8	7608	0	15134	0	2384912	483	11	6	88	31	0.025549620646832433	0.4999945883528985	1.0000756643116366
6c.sql	58	53	4	0	53	3	1054	0	2103	0	81534	16	6	5	2	4	0.13571403308031404	0.5428460782736197	1.0000097436451145
6b.sql	72	63	7	0	63	7	1930	0	3846	0	781727	20	8	7	12	7	0.09176982527405643	0.5428460092973403	1.079964075115184
6a.sql	93	85	6	0	60	6	3211	0	6419	0	876778	296	12	7	6	12	0.10548136579872303	0.5404669767653802	1.92096234523298
5c.sql	325	317	5	0	184	5	3698	0	7343	0	10672342	1968	10	7	669	15	0.23665728153377213	0.997662603001069	2.017876742575673
5b.sql	143	136	5	0	67	5	1251	0	2502	0	246954298	767	7	6	0	5	0.024488118412042893	0.06216618281928863	1.0593217234782895
5a.sql	374	367	4	0	303	4	1252	0	2502	0	14754078	718	7	6	0	5	0.007160101626053329	0.026559780773489212	1.025978237645998
4c.sql	293	274	18	0	71	17	37462	0	69414	0	168093539	8962	15	7	4700	138	0.0060641146605688945	0.14147670890144554	1.0005757748337036
4b.sql	79	73	4	0	47	4	2660	0	5303	0	2926820	641	10	6	6	11	0.12434334254238517	0.43959821944912636	1.814424879147126
4a.sql	189	175	12	0	54	12	18951	0	36922	0	157063874	5077	14	7	740	74	0.011360146319551713	0.2508129258702121	1.0006457806728486
3c.sql	247	226	18	0	107	18	29896	0	58650	0	113303663	14676	10	5	7250	117	0.007139159652858025	0.17738998729566186	1.0002788089305716
3b.sql	67	62	3	1	36	3	4346	0	8684	0	2910736	837	9	5	5	18	0.14833353479535194	0.8368794326241135	1.00055691498526
3a.sql	367	253	112	0	193	112	375853	0	751387	0	77699359	74618	14	7	206	1502	0.004358623774169391	0.4935849010347858	1.0002376809269296
33c.sql	176	128	44	0	50	44	74761	0	147487	0	1356459634	41504	151	137	114	295	0.018425355731972768	0.5026285046728972	1.9991228641063474
33b.sql	135	120	10	1	48	10	7738	0	15080	0	50226961	1523	32	31	4	30	0.03206058298599025	0.20315627919391432	1.0209680717090024
33a.sql	147	132	11	0	60	11	12077	0	23500	0	58762862	3219	49	48	8	47	0.02151990945158057	0.15028340302380458	1.0175849157891093
32b.sql	85	0	84	0	0	83	416839	0	826015	0	131153147	44460	54	28	4388	1652	0.0038228636001566385	0.5846879077485837	1.2318859153365584
32a.sql	3	0	2	0	0	2	504	0	1006	0	5798	247	4	3	0	2	4.346069897106571E-4	8.692139794213142E-4	1.0008334166750008
31c.sql	620	235	380	0	115	379	991770	0	1968407	0	34975231455	268256	270	225	2825	3937	0.0019129552922015724	0.6529909937433017	2.0000924368800175
31b.sql	366	345	15	0	226	15	9532	0	18458	0	49196891	3737	38	37	84	36	0.06314704901327008	0.6205882352941177	1.024963852423446
31a.sql	281	213	63	0	92	63	104998	0	206447	0	136886933	25481	65	60	1273	413	0.0033419904032334817	0.3132956829023063	1.0238682397562675
30c.sql	345	222	118	0	102	116	249381	0	441707	0	1531553473	124383	270	224	8024	883	0.0019810183273163517	0.01609866071722179	1.0238871669878047
30b.sql	293	271	15	0	146	15	13233	0	24307	0	80560465	5356	50	49	28	48	0.046521193271779476	0.5101761899462292	1.0117497985964006
30a.sql	312	217	89	0	88	89	158083	0	303630	0	1444106138	100219	194	173	757	608	0.002959422614349314	0.01857756157286275	1.068467868183077
2d.sql	112	5	106	0	1	101	328136	0	656204	0	1751899717	13787	12	7	68316	1312	0.004612610165161206	0.41333785599064127	1.998402611524889
2c.sql	4	1	2	0	1	2	1257	0	2514	0	3642812	491	7	6	0	5	2.998905205423601E-4	0.0013150364436852057	1.001402768212816
2b.sql	86	0	85	0	0	85	239855	0	475263	0	1751264325	27093	16	9	5228	951	0.006811276851439661	0.8345811329987668	2.0026767735716997
2a.sql	87	2	84	0	1	83	241324	0	477219	0	1752381958	27088	15	8	7834	954	0.006254793708568541	0.37978044190987387	1.9988672454761944
29c.sql	1483	192	1283	0	115	1281	2651101	0	4768451	0	205296157260	527746	5603	5419	16308	9536	9.324048555096065E-4	0.6811581697855401	3.4609392919412403
29b.sql	230	184	39	0	95	39	47149	0	86592	0	166800081	8648	175	174	15	173	0.019989065963802052	0.6894195881532679	2.6383126532650127
29a.sql	1110	191	912	0	115	911	1730756	0	2878180	0	69142247808	60360	4769	4763	1620	5757	0.0016370138923633324	0.684660072375478	3.2532250306118295
28c.sql	321	204	110	0	89	108	193071	0	350887	0	7777786923	119871	301	274	8373	701	0.002354272824396177	0.3196828134936991	1.137556004593043
28b.sql	348	241	101	0	159	101	181076	0	347783	0	9112357106	111608	456	427	148	696	0.007669300423164647	0.6670814379644928	3.120603418181214
28a.sql	403	255	141	0	118	140	261913	0	487318	0	14283323501	93614	575	519	4803	974	0.0034703917458333835	0.666855358968724	2.5541911429814856
27c.sql	395	365	24	0	192	24	31257	0	55766	0	4736386335	12819	113	112	743	111	0.009730939186770373	0.233859373432746	1.0840087534165577
27b.sql	232	213	15	0	54	15	9697	0	18168	0	486775263	5132	38	37	247	36	0.030122793621794666	0.23726173327526714	1.0908808478876697
27a.sql	354	331	17	0	170	17	19803	0	35123	0	921811979	6024	72	69	477	70	0.015356873776075588	0.1982063958163214	1.0839203515810982
26c.sql	692	170	516	1	89	515	1040392	0	2076075	0	75406291975	278955	53	48	5400	4152	0.002016536203255017	0.6597891381800415	2.0002491344683495
26b.sql	216	135	77	0	73	77	152491	0	298847	0	12039116066	68074	257	232	93	597	0.008047267332618275	0.6863133969236493	2.756859915594561
26a.sql	331	151	174	0	69	174	409197	0	810236	0	12909556229	395880	123	113	1728	1620	0.001739402043288026	0.6880096757811097	2.5585363572121373
25c.sql	348	186	158	1	65	152	394948	0	708246	0	1504472847	187697	144	103	26153	1416	0.0012352065950736913	0.014021858388347902	1.0225815394394784
25b.sql	260	250	6	0	97	6	1542	0	2900	0	62825883	623	7	6	6	5	0.0014434643951941888	0.004590028667006	1.0045935107375166
25a.sql	279	206	69	0	73	68	149075	0	287200	0	1107567574	102204	113	95	4407	575	0.002647476019254615	0.024918693094560938	1.0452768615046155
24b.sql	202	186	11	0	130	11	7120	0	13439	0	218181354	1462	28	27	45	26	0.0983361826853418	0.8192541157931444	2.5076787841638026
24a.sql	301	254	42	0	188	42	47767	0	93353	0	4501368955	15922	154	144	275	186	0.010076195901715913	0.6815270030214058	2.039810057880515
23c.sql	417	398	14	0	224	14	16075	0	28812	0	391287490	7869	60	59	628	58	0.042487850248480695	0.7443365695792881	1.010384419959758
23b.sql	215	201	10	0	122	10	8244	0	16138	0	1241862471	8314	34	33	16	32	0.0547510254602746	0.6878960051482027	2.2453352762441288
23a.sql	244	225	16	0	145	16	21440	0	39800	0	1656784747	10961	82	79	618	80	0.03827280581317016	0.7414965986394557	2.6553833797109254
22d.sql	362	194	163	1	80	157	418154	0	720439	0	7404644393	57954	207	179	46281	1440	0.0011463249897345677	0.3431661960970568	1.1343291222896967
22c.sql	270	166	99	0	53	96	226431	0	405879	0	6488821398	49650	174	157	21489	811	0.002032501790034609	0.3432020036829269	1.1323723059856647
22b.sql	230	184	42	0	82	42	65888	0	130348	0	4224521994	26552	146	132	31	261	0.006260572603662083	0.33786459280535613	1.1101470064238248
22a.sql	301	231	66	0	78	66	132077	0	244217	0	6155246034	46769	224	195	2851	488	0.0033329975894235433	0.3376171523944024	1.117050668738915
21c.sql	403	383	17	0	183	16	33125	0	58892	0	1914811849	6735	61	49	1874	118	0.009105665437033594	0.22817559672842597	1.0800374105802637
21b.sql	229	217	9	0	60	9	7587	0	14980	0	471245589	5190	31	28	38	29	0.04313114919851256	0.20296963630296966	1.2901340106473635
21a.sql	265	248	14	0	90	14	23400	0	44991	0	1234165736	2646	43	38	1410	89	0.012135241187642379	0.23954659949622167	1.0863635612869382
20c.sql	407	166	237	0	86	236	499059	0	980932	0	12830232091	59592	49	40	5406	1961	0.0015216774411749175	0.6072882607829297	2.554523679402179
20b.sql	386	372	11	0	292	11	5521	0	10968	0	64085732	1372	23	21	17	21	0.06051972764206179	0.6878960051482027	1.6882641500399764
20a.sql	414	389	22	0	244	22	37392	0	66494	0	1527013019	4601	52	47	33	132	0.016064445055976775	0.6705501957971671	2.5071395803318297
1d.sql	264	257	6	0	134	6	1131	0	2233	0	13106942	396	6	5	4	4	1.2369828378501588E-4	1.8697348267279342E-4	1.894993930989165
1c.sql	138	131	6	0	105	6	1293	0	2563	0	3771250	325	7	6	3	6	0.1705807043533802	0.9999818812482515	2.023058339688031
1b.sql	250	243	6	0	111	6	1065	0	2041	0	11556176	523	6	5	3	4	0.2238609431397423	0.8946800866842013	1.8949203426131431
1a.sql	109	101	7	0	98	7	1943	0	3602	0	1741505	964	9	7	142	7	0.22613564432585803	0.9998752775128233	2.0116024680607594
19d.sql	6944	134	6791	16	53	6365	21227134	0	38093993	0	1825049717611	3937567	2092	1564	1760645	76187	1.5215997975374747E-4	0.6811700421360684	2.8879793032921053
19c.sql	245	192	50	0	104	50	136939	0	263293	0	9228990913	70858	228	187	3575	527	0.012251167558248408	0.7973856209150327	1.720581935277821
19b.sql	371	360	8	0	282	8	1383	0	2727	0	49817509	935	7	6	15	5	0.1473107802663415	0.6878883988860062	1.7363521207411992
19a.sql	300	282	14	0	205	14	16835	0	33160	0	1403481744	9828	65	61	184	67	0.06640649405811891	0.8470149253731343	1.6888300672915608
18c.sql	407	245	159	1	120	153	468044	0	879719	0	34903243967	203435	24	16	28073	1760	0.0042442140507877955	0.8103357708721949	2.000849339147746
18b.sql	289	259	27	0	143	27	79507	0	158248	0	5226439516	74388	23	19	11	317	0.01882874464667799	0.7959183673469388	2.0058919803702144
18a.sql	424	328	94	0	94	94	195764	0	387153	0	3849604205	43661	32	19	410	774	0.007349618376920216	0.7989417989417988	2.6115314808409313
17f.sql	3802	96	3700	5	65	3555	10260086	0	20519876	0	4435231669	43391	32	22	1113120	41039	1.9468509392422655E-4	0.5904701711205776	1.9998243124297486
17e.sql	3073	7	3052	13	2	2719	6041995	0	12005194	0	2556834264	31424	135	75	2832555	24010	3.030389227720291E-4	0.4314269050308194	2.0025607520143094
17d.sql	200	51	147	0	51	146	443500	0	876840	0	66412666	75596	17	13	11538	1754	0.0022624042828417604	0.3741097935480091	1.000198883543831
17c.sql	84	55	27	0	55	26	87960	0	175667	0	9160211	11564	21	16	1918	352	0.011106519060802624	0.4287058646195547	1.000164069257956
17b.sql	2860	55	2803	1	53	2797	8238500	0	16475868	0	4435060605	43714	42	27	52306	32952	2.450996022359329E-4	0.44305955671257674	2.0004256628783597
17a.sql	942	76	863	2	58	835	2395621	0	4791160	0	1843769075	35319	25	17	258289	9583	8.260937938348819E-4	0.602708258539468	2.0000023441059387
16d.sql	623	92	527	2	54	489	1688056	0	3234164	0	30042210	872108	64	51	249455	6468	0.0012077499119090849	0.5995203836930455	1.0015320436370139
16c.sql	830	113	712	3	55	657	2282569	0	4384764	0	43649646	1178685	44	32	319932	8770	9.68706321706975E-4	0.7886435331230284	1.0014059511363549
16b.sql	6236	6	6194	34	1	5177	14232612	0	28464452	0	2320402029	1975751	43	31	3710592	56928	1.284088231569424E-4	0.5009553940337967	1.9998415059958574
16a.sql	50	17	31	0	13	30	92206	0	184171	0	537098	96167	34	24	385	369	0.016215671191456536	0.8445229681978799	1.0004117534013781
15d.sql	222	197	23	0	76	22	56151	0	90583	0	261896234	15137	52	40	11347	182	0.02676073232791537	0.8403293327025784	1.0003207557846194
15c.sql	293	278	12	0	163	11	14081	0	24428	0	149207417	4453	43	39	2271	49	0.06663748342457307	0.9342333195789952	1.0010727692460424
15b.sql	172	161	8	0	112	8	2834	0	5334	0	14724958	2928	13	12	37	11	0.1222765428689491	0.7100090814737934	1.9192950491146095
15a.sql	221	209	9	0	130	9	5965	0	11528	0	12098147	5030	25	23	328	24	0.12467483223342958	0.96000665954706	2.002679003406947
14c.sql	289	234	52	0	59	51	118419	0	216114	0	4000136170	32060	73	53	4115	432	0.003798647852175657	0.34318208743039924	1.1277188604615411
14b.sql	314	305	6	0	219	6	2218	0	4320	0	248881176	1024	10	9	1	8	0.12948848811153796	0.9027323131451179	2.032674772966938
14a.sql	470	426	41	0	297	41	87100	0	167678	0	4532588497	30797	60	45	761	336	0.006327476056415194	0.6764453813411161	1.8459061928124878
13d.sql	3696	15	3670	9	11	3543	9999820	0	17797808	0	3556282792961	1068168	677	391	670390	35596	3.0066994203087403E-4	0.7337349397590363	3.2281599305356976
13c.sql	103	95	6	0	91	6	3748	0	6983	0	663638101	309	15	14	53	13	0.17652262452492049	0.5126725464460385	2.7310777307871636
13b.sql	117	104	10	0	100	10	9633	0	17015	0	2616314155	1025	31	28	372	34	0.08015156963614505	0.680995566120348	2.706057811236439
13a.sql	1696	1	1692	1	1	1663	5014775	0	9073580	0	2718024256807	1269527	735	392	111101	18148	6.040792399008723E-4	0.8801089918256131	3.215683081724751
12c.sql	266	119	145	0	35	144	407200	0	782241	0	241498872385	310422	127	92	4711	1564	0.00450414704602756	0.4884338799552947	2.5864908144593706
12b.sql	145	137	6	0	133	6	3460	0	6731	0	59350540	332	14	14	10	13	0.2011128206313543	0.999997443369804	2.5955583663035613
12a.sql	131	85	44	0	52	44	151261	0	287050	0	91638750151	91072	146	109	397	574	0.011249564274982709	0.8934426229508197	2.527476183106728
11d.sql	279	202	75	0	55	73	371632	0	726820	0	162388772	17710	31	24	14899	1454	0.004055774420632011	0.6470588235294118	1.0002603879944918
11c.sql	497	243	252	0	98	251	1125312	0	2222299	0	350439339	14753	131	66	6946	4444	4.049218183084308E-4	0.2707420859744582	1.001242182272886
11b.sql	266	256	7	0	99	6	3588	0	6744	0	62346647	681	16	15	14	14	0.17891643168644314	0.8775600088086325	2.1087512104872674
11a.sql	235	220	13	0	72	13	24892	0	45779	0	1313272308	3067	45	34	310	92	0.011714161683106237	0.2352872176419331	1.0833737756058883
10c.sql	858	306	549	0	137	549	3791814	0	7583356	0	929885786427	3141539	105	59	10	15167	6.428513798782739E-4	0.7352941176470588	1.0841136393512643
10b.sql	315	311	3	0	149	2	311	0	587	0	333	66	3	2	0	1	0.0	-Infinity	1.0
10a.sql	196	185	10	0	124	10	13350	0	25915	0	307605503	10236	28	21	104	52	0.05000669058859885	0.7064613535107004	1.0051247204610203
