Query,Millis,PreMillis,PostMillis,Tuples,Iterations,Lookups,NrIndexEntries,nrUniqueLookups,NrUctNodes,NrPlans,JoinCard,NrSamples,AvgReward,MaxReward,TotalWork
10a.sql,733,651,1,24249,62229,0,432476979,26471,49,35,104,125,0.011890839618525974,0.3393513748129843,1.0
10b.sql,397,380,0,921,2002,0,73966915,847,7,5,0,5,2.2561687079397564E-5,7.280190497156895E-5,1.0
10c.sql,1138,541,0,3169092,6342178,0,22939,3169408,406,118,10,12685,3.840732989607847E-4,0.3676470588235294,1.0
11a.sql,335,309,0,12834,29205,0,112336518,10936,62,51,310,59,0.017956426125029262,0.14000213266171685,1.0
11b.sql,318,299,0,598,1272,0,32531435,555,5,3,14,3,0.003944506688979526,0.007666436691934411,1.0
11c.sql,904,717,1,702271,1427739,0,29990756,744505,119,74,6946,2856,0.005845194766075651,0.167,1.0
11d.sql,1029,482,3,2606762,5483120,0,871161243,2634704,333,206,14899,10967,0.0030207948755605037,0.167,1.0
12a.sql,158,132,0,28712,68666,0,263929416,32273,56,44,397,138,0.02028270191160305,0.34484539617457777,1.0
12b.sql,212,196,0,4672,10723,0,47575064,4330,25,22,10,22,0.08853476304877944,0.49999672864453326,1.0
12c.sql,369,212,0,539289,1117526,0,24975580,509163,144,100,4711,2236,0.003999783623737644,0.4758449306460101,1.0
13a.sql,313,2,5,838878,1644247,0,1657410514,663736,187,136,111101,3289,0.03537628934783281,0.2928467839983572,1.0
13b.sql,84,65,0,10554,21407,0,207610220,7898,46,36,372,43,0.04993244047402041,0.3029306458733546,1.0
13c.sql,118,104,0,4793,10667,0,302571558,3973,25,22,53,22,0.061053745925038365,0.4247207167342965,1.0
13d.sql,2617,11,10,8540021,16540007,0,42290922010,5848835,194,143,670390,33081,0.02045470494603942,0.49019607843137253,1.0
14a.sql,369,331,0,52775,143434,0,748849994,50700,83,46,761,287,0.006060156707063487,0.33812180523730334,1.0
14b.sql,319,307,0,1975,4081,0,9235506,2006,11,9,1,9,0.090927485052214,0.48400970873786403,1.0
14c.sql,380,327,0,90153,222243,0,719701804,81683,74,49,4115,445,0.011085809182960288,0.1715753572346765,1.0
15a.sql,346,328,0,7339,16386,0,206080,9450,35,30,328,33,0.06065626789467958,0.4439140271493213,1.0
15b.sql,277,258,0,4650,10326,0,169087,5545,24,21,37,21,0.03434459835479714,0.3206967213114754,1.0
15c.sql,519,502,0,12747,26331,0,101501,13038,39,33,2271,53,0.07711482461849631,0.4523939393939394,1.0
15d.sql,436,396,1,56260,114110,0,211640698,51931,77,63,11347,229,0.06227807667677611,0.16998641794862704,1.0
16a.sql,90,53,0,105120,229792,0,3729496,115949,76,55,385,460,0.006987414524361291,0.2935509010790826,1.0
16b.sql,8071,12,34,26202609,60597720,0,1941321140,23988230,161,106,3710592,121196,0.030675992467449172,0.375,1.0
16c.sql,569,181,3,1001415,2231304,0,1485340645,890810,80,57,319932,4463,0.07257252657213706,0.22033768494889708,1.0
16d.sql,432,126,3,772858,1695954,0,1474091707,694657,139,98,249455,3392,0.07512086020187214,0.26355953811969546,1.0
17a.sql,977,99,3,2296291,5780139,0,1538445469,2039384,98,65,258289,11561,0.02270958602070663,0.30280380120488487,1.0
17b.sql,776,40,1,1257565,3574814,0,1587838258,1166840,79,51,52306,7150,0.007847244308333319,0.2140731961834214,1.0
17c.sql,765,44,0,1327737,3761045,0,1587736029,1283878,172,118,1918,7523,8.044740307969311E-4,0.4491384010502479,1.0
17d.sql,811,73,0,1349178,3805272,0,1588995792,1295673,229,132,11538,7611,0.002018815309553455,0.2149141722190569,1.0
17e.sql,3013,11,13,5977261,12091476,0,2267102400,3068762,86,48,2832555,24183,0.11733282709941935,0.32271289165153505,1.0
17f.sql,1805,143,5,4069304,9011719,0,1530740803,3737151,136,88,1113120,18024,0.06199508721303631,0.32549670074177106,1.0
18a.sql,374,339,0,78018,178149,0,55038221,68981,67,37,410,357,0.00899299578715426,0.38703043676619264,1.0
18b.sql,302,286,0,34044,73658,0,64082926,34651,48,37,11,148,0.013997046628120189,0.3386600137455316,1.0
18c.sql,494,330,1,512844,1103395,0,249295759,454045,99,62,28073,2207,0.014311769766905642,0.24481818181818182,1.0
19a.sql,327,308,0,13652,28848,0,27046,13668,53,48,184,58,0.0372161996281084,0.34063648304186056,1.0
19b.sql,298,284,0,983,2181,0,3562,927,7,5,15,5,0.06926338519021802,0.3438900417352402,1.0
19c.sql,432,390,0,110487,225506,0,114371,104022,83,74,3575,452,0.0153929944286009,0.49341630901287553,1.0
19d.sql,4825,262,17,17244198,34904545,0,1788831811,14931913,383,322,1760645,69810,0.02535894345903002,0.46955445019460945,1.0
1a.sql,135,124,0,1548,3116,0,1463117,1283,9,7,142,7,0.18306680664885136,0.550932953161038,1.0
1b.sql,257,249,0,307,671,0,504,267,4,2,3,2,9.070321432726576E-6,1.814064286545315E-5,1.0
1c.sql,161,152,0,1567,3067,0,17455,1334,9,7,3,7,0.07335886290409402,0.5029851426235662,1.0
1d.sql,325,318,0,553,1243,0,611,442,5,3,4,3,1.234075268696647E-5,2.0941041711028008E-5,1.0
20a.sql,629,607,0,19605,48843,0,499938716,18564,90,79,33,98,0.011170701492298351,0.31821138801739096,1.0
20b.sql,447,430,0,7907,17910,0,36912275,7594,39,36,17,36,0.029622910706351948,0.3440048378892345,1.0
20c.sql,896,317,0,2084532,4395140,0,2792005558,1802266,169,134,5406,8791,7.234317407079027E-4,0.3208613877469307,1.0
21a.sql,304,285,0,29437,58283,0,2040627,25780,107,92,1410,117,0.027921887144102677,0.172000000000122,1.0
21b.sql,253,239,0,7195,16242,0,5403948,6615,36,33,38,33,0.021234062557702275,0.08987648875165417,1.0
21c.sql,444,425,0,23268,47499,0,1084228,17539,53,46,1874,95,0.02592668510961005,0.12009264252180742,1.0
22a.sql,211,158,1,85785,216073,0,716996486,86075,104,91,2851,433,0.008557311656870318,0.16874300098025538,1.0
22b.sql,307,217,0,278058,600773,0,688845428,281515,350,300,31,1202,0.0011683711619116823,0.16877715052805844,1.0
22c.sql,371,243,0,294291,648694,0,1018854594,324890,218,193,21489,1298,0.017427324442017552,0.17160100184345353,1.0
22d.sql,380,210,1,529898,1052836,0,4301115201,413753,199,163,46281,2106,0.026002462356566728,0.15864557131485885,1.0
23a.sql,370,352,0,16008,34640,0,294834144,15892,73,70,618,70,0.04735545595055857,0.38511326860841427,1.0
23b.sql,352,339,0,8794,19042,0,55187200,9904,42,39,16,39,0.044799139502156214,0.4554906601790591,1.0
23c.sql,467,450,0,13054,29142,0,189742718,14196,62,59,628,59,0.044251851158091784,0.38387096774193546,1.0
24a.sql,203,173,0,26880,67705,0,33441776,27168,131,116,275,136,0.010474429183032074,0.3406429229065737,1.0
24b.sql,219,202,0,8031,17313,0,584732,8561,38,35,45,35,0.04511235352419812,0.42461110110815514,1.0
25a.sql,429,335,0,274419,608614,0,156032314,306029,117,93,4407,1218,0.006464324206080071,0.36379205151583316,1.0
25b.sql,369,360,0,1205,2494,0,76807988,1391,7,5,6,5,4.800860091690164E-5,1.8116454015729432E-4,1.0
25c.sql,522,332,1,373990,908253,0,1217256335,363519,145,105,26153,1817,0.01490625953325213,0.036024356162380713,1.0
26a.sql,460,272,0,283901,746251,0,945201142,260465,949,858,1728,1493,0.004178965692586678,0.3439320561560283,1.0
26b.sql,320,211,0,172048,441542,0,225123862,144634,843,675,93,884,0.007622631914303431,0.3432353986494491,1.0
26c.sql,567,325,0,333929,913652,0,883922319,312206,357,316,5400,1828,0.003988377657574461,0.3208926391937281,1.0
27a.sql,296,265,0,27602,64057,0,57750265,28483,133,129,477,129,0.01740332462921875,0.13500005359134798,1.0
27b.sql,233,214,0,16027,33738,0,12226267,17099,71,68,247,68,0.012779291346922335,0.0767870907201984,1.0
27c.sql,480,450,0,28288,61954,0,41539460,27490,128,124,743,124,0.02445994846176711,0.1520000000000029,1.0
28a.sql,372,288,0,118092,275225,0,678295294,111772,322,310,4803,551,0.011734117545378021,0.33335681744745704,1.0
28b.sql,334,265,0,77582,199749,0,705880841,76374,272,256,148,400,0.0047919128776312,0.333436383541487,1.0
28c.sql,449,307,0,354348,694257,0,1089877187,290393,410,374,8373,1389,0.007198420664693831,0.17258234423768476,1.0
29a.sql,273,213,0,79623,138304,0,95329451,56277,275,262,1620,277,0.04193228154038685,0.3348866722167406,1.0
29b.sql,201,166,0,25407,51562,0,101844246,24482,108,104,15,104,0.01811594958040718,0.3423631526955788,1.0
29c.sql,436,375,0,103054,174791,0,135216330,62236,218,206,16308,350,0.0714428185635577,0.34063046239814376,1.0
2a.sql,93,1,0,235096,593280,0,1458517151,211276,49,17,7834,1187,0.009299240585829214,0.4052052474491316,1.0
2b.sql,63,1,0,206355,511245,0,1458411916,178316,46,17,5228,1023,0.008281250096549267,0.3948862920466035,1.0
2c.sql,3,0,0,418,1013,0,1172252,369,5,3,0,3,2.205699301763639E-4,6.586151355518369E-4,1.0
2d.sql,125,11,0,313623,707936,0,1458888792,246920,46,15,68316,1416,0.05036765379055204,0.2223744837664461,1.0
30a.sql,458,353,0,163036,451236,0,1304636834,201541,268,243,757,903,0.0019344510402182753,0.012001339789615746,1.0
30b.sql,400,379,0,15902,34826,0,121053593,16330,67,62,28,70,0.018166254842796475,0.3032722411318018,1.0
30c.sql,539,320,0,664215,1389604,0,213862670,653810,600,535,8024,2780,0.0033339590138807204,0.03600000000442636,1.0
31a.sql,379,332,0,104016,215614,0,154591000,113609,146,128,1273,432,0.005074075463177852,0.15765225324545792,1.0
31b.sql,505,481,0,16251,34818,0,60173831,15718,73,70,84,70,0.02079140929648429,0.2701928163380698,1.0
31c.sql,336,214,0,302377,682954,0,596934879,294784,270,243,2825,1366,0.0031657156972231424,0.16264741430877971,1.0
32a.sql,3,0,0,748,1508,0,38,988,6,4,0,4,2.2872586466514177E-5,4.805577792614203E-5,1.0
32b.sql,28,0,0,83359,210070,0,120093053,82735,45,20,4388,421,0.012738973616285839,0.11104472072919143,1.0
33a.sql,165,146,0,12290,29362,0,38352366,11688,62,59,8,59,0.00830021883130336,0.06978299394790517,1.0
33b.sql,121,106,0,8774,20797,0,50289230,8762,45,42,4,42,0.011852154193694635,0.0794296157199383,1.0
33c.sql,236,185,0,54602,152876,0,1322194102,56705,229,220,114,306,0.009035938437870532,0.24046711153479502,1.0
3a.sql,331,319,0,17081,49135,0,111108143,19203,20,7,206,99,0.007219366958133364,0.1615498332080192,1.0
3b.sql,95,89,0,6112,13304,0,6729546,6512,22,8,5,27,0.04298968158644391,0.2941446058003915,1.0
3c.sql,487,467,0,30895,76027,0,111138898,30956,28,10,7250,153,0.05198079040500232,0.385275849866471,1.0
4a.sql,244,230,0,20665,56267,0,149261015,21747,33,14,740,113,0.010423815427738143,0.11931705662726677,1.0
4b.sql,82,76,1,9811,19877,0,3380425,9781,28,15,6,40,0.04067943156375927,0.28489702517162474,1.0
4c.sql,425,405,1,37370,90985,0,170527206,33333,34,15,4700,182,0.028028026111684493,0.10728897206013532,1.0
5a.sql,346,341,0,665,1502,0,179,895,6,4,0,4,0.0034508217846145857,0.013278805074375118,1.0
5b.sql,224,218,0,615,1502,0,421,591,6,4,0,4,0.01720867640139037,0.036794875821411346,1.0
5c.sql,520,512,0,4876,10715,0,6287,5068,22,12,669,22,0.1118864092029582,0.5317735669957142,1.0
6a.sql,147,116,1,249065,504690,0,2187222,250392,71,22,6,1010,0.0012069382956665206,0.2906064866950835,1.0
6b.sql,48,43,0,1702,3949,0,60156,1557,10,7,12,8,0.04289362312275808,0.28342139291931556,1.0
6c.sql,72,67,0,1433,3598,0,71722,1263,10,7,2,8,0.06749837932186366,0.27342299775104223,1.0
6d.sql,275,255,0,29685,78477,0,5468711,35582,33,16,88,157,0.0032486308645568516,0.25399723901219073,1.0
6e.sql,316,261,0,249263,508886,0,1943450,239736,74,25,6,1018,6.249499473334559E-4,0.2714213835235798,1.0
6f.sql,1349,263,11,1624648,3271363,0,463220053,826349,44,16,785477,6543,0.12019221268941348,0.16000000000000447,1.0
7a.sql,499,439,0,241037,510474,0,3773514,246809,81,53,32,1021,7.006929824049112E-4,0.04187536710900348,1.0
7b.sql,246,236,0,4759,11084,0,85334,4877,26,23,16,23,0.011922310339854844,0.15883741804568757,1.0
7c.sql,1570,557,1,1995983,5251216,0,307072281,2406440,254,186,68185,10503,0.0067445115874681435,0.12300000000001442,1.0
8a.sql,164,152,0,26340,54081,0,19757,26650,42,37,62,109,0.02699155277130339,0.38028169014084506,1.0
8b.sql,286,278,0,1872,3854,0,12297,1727,10,8,6,8,0.041219166546371505,0.31405016381116063,1.0
8c.sql,5341,11,23,17946624,42080028,0,32254253,18280754,164,118,2487611,84161,0.029565607295098006,0.3728896473152378,1.0
8d.sql,823,11,3,2254490,5329815,0,6216203,2059925,160,85,323005,10660,0.03036054568602913,0.40260267723947973,1.0
9a.sql,367,354,0,12347,26366,0,15916,12624,44,38,121,53,0.03916732450733921,0.34074716274608363,1.0
9b.sql,208,193,0,10080,21209,0,12122,10123,38,33,40,43,0.046932408321749344,0.34390497430753625,1.0
9c.sql,189,150,0,113245,240553,0,114140,106410,112,86,8144,482,0.02378929583531716,0.44666403162055335,1.0
9d.sql,2279,189,9,5629521,13434550,0,4202108731,6005449,256,185,483082,26870,0.0181488470082471,0.4467931502867354,1.0
