Query	Millis	PreMillis	JoinMillis	PostMillis	PreNoIndexMillis	JoinNoMatMillis	Tuples	nrFbacks	Iterations	Lookups	NrIndexEntries	nrUniqueLookups	NrUctNodes	NrPlans	JoinCard	NrSamples	AvgReward	MaxReward	TotalWork
9d.sql	2199	308	1839	28	249	1719	4388014	0	8670956	0	76364397976	1145876	186	138	483082	17341	4.49862398241096E-4	0.6812653252935464	2.444893005180114
9c.sql	314	245	61	0	193	60	170709	0	333864	0	11985397748	64878	130	94	8144	667	0.009030239293997142	0.6812630197789519	1.732056232891998
9b.sql	212	187	20	0	122	19	12647	0	25199	0	883190391	7414	41	37	40	51	0.08214717140182112	0.8	1.6949291509764786
9a.sql	307	286	16	0	164	16	16590	0	32887	0	1423667946	10081	53	49	121	65	0.057573502393850944	0.6813549904190852	1.6881773692075808
8d.sql	762	6	751	3	2	691	2246931	0	4333903	0	76411401819	536970	58	34	323005	8667	9.504951227874071E-5	0.7872057223604323	1.7949098278003461
8c.sql	20894	6	20863	23	2	20207	33431272	0	65644931	0	6492096251805	7225434	105	68	2487611	131290	8.09828910935954E-5	0.6963788300835655	1.7318891416453814
8b.sql	285	267	13	0	262	13	1575	0	3123	0	7143092	532	8	7	6	6	0.10883517094271412	0.6268659931499473	1.650878375395582
8a.sql	176	151	21	0	142	21	37469	0	74904	0	1212964267	1848	18	16	62	150	0.04006304834627939	0.6264763925233338	2.014894843422191
7c.sql	1931	376	1549	1	246	1544	4292921	0	7837031	0	372668889	2965429	41	36	68185	15674	5.234001154293937E-4	0.49762681118102176	1.000408338148712
7b.sql	266	257	6	0	176	6	2994	0	5794	0	321550	2003	13	12	16	11	0.0386983354782195	0.3016459175417467	1.0169486016904574
7a.sql	420	408	9	0	302	9	7374	0	14477	0	3471034	5622	26	21	32	28	0.014688811457667043	0.09051903739144929	1.0050556499926893
6f.sql	1194	150	1031	11	71	856	1630871	0	3232852	0	467954190	680	15	7	785477	6466	2.828141553624991E-4	0.051118209428653326	1.0000276487628303
6e.sql	162	155	5	0	75	5	3211	0	6419	0	788964	46	12	7	6	12	0.10542938817966925	0.5404669767653626	1.9203394150273683
6d.sql	163	154	7	0	75	7	7608	0	15134	0	2423567	543	11	6	88	31	0.025553262575997843	0.4999945883672528	1.0000541192738612
6c.sql	64	58	4	0	57	4	302	0	603	0	1408	0	3	2	2	1	0.0	-Infinity	1.0
6b.sql	71	61	8	0	60	8	5345	0	10676	0	671758	103	12	7	12	21	0.1199757371179156	0.5413857451813875	1.0000619106768767
6a.sql	115	107	6	0	82	6	3417	0	6824	0	1124033	274	13	8	6	14	0.1673563232137352	0.5772129733531145	1.9209664286287234
5c.sql	292	282	7	0	146	7	3845	0	7598	0	19337920	2143	10	6	669	15	0.2203726234760865	0.9976670252799713	2.0178943799196762
5b.sql	251	245	4	0	178	4	1251	0	2502	0	265286907	1014	7	6	0	5	0.047904740193934	0.1763046544428773	1.1766498897414939
5a.sql	253	247	4	0	184	4	501	0	1002	0	0	251	4	3	0	2	1.2340559965248982E-4	2.4681119930497963E-4	1.0002458239545078
4c.sql	282	258	23	0	60	22	35908	0	66904	0	166753581	9520	13	7	4700	133	0.006295986795711515	0.14147669557155504	1.0004764531397747
4b.sql	78	72	5	0	46	5	2857	0	5699	0	2858187	668	11	6	6	11	0.08583111614991436	0.413028222254514	1.6768366554322678
4a.sql	191	176	13	0	52	13	18488	0	36104	0	139060348	4738	11	7	740	72	0.010612990965965796	0.23046836170006763	1.0007131010810502
3c.sql	279	260	17	0	138	16	29845	0	58548	0	113305282	14727	10	5	7250	117	0.007639215181684585	0.1958244726939931	1.0003349842066285
3b.sql	72	67	4	0	42	4	4625	0	9243	0	2915862	908	9	5	5	18	0.11947585512650297	0.5319148936170213	1.0006907864024155
3a.sql	270	164	104	0	102	104	375717	0	751115	0	79939715	74672	13	6	206	1503	0.004877334368916117	0.8994413407821229	1.0002376809269296
33c.sql	159	128	26	0	55	26	47250	0	93060	0	1393021776	38766	79	69	114	186	0.02718096686662447	0.6103442541160818	1.9975787822676574
33b.sql	145	130	12	0	43	11	9209	0	18132	0	38600496	6287	39	38	4	37	0.03595350482138193	0.18563052230538518	1.7625818484744662
33a.sql	136	119	13	0	51	13	12130	0	23248	0	11993142	2051	47	47	8	46	0.0205880756357745	0.15467733866933467	1.006997941372573
32b.sql	88	0	87	0	0	86	436243	0	865952	0	98147929	42637	52	25	4388	1731	0.003420748951911805	0.36670290912577774	1.224246981931311
32a.sql	3	1	1	0	1	1	754	0	1506	0	40909	40	5	4	0	3	6.328292639079953E-4	0.0010149294141441887	1.0008334166750008
31c.sql	356	259	92	0	104	91	159960	0	313980	0	484288727	27587	140	131	2825	628	0.0022572482632162486	0.24557224012262163	1.022185835191999
31b.sql	381	357	17	0	230	16	12666	0	23844	0	135314389	2720	49	49	84	48	0.05139026347486587	0.5896602951773188	1.0261931635537596
31a.sql	447	226	215	1	101	215	438720	0	872488	0	5349555393	191213	165	133	1273	1744	0.003823030166147701	0.43051558384984995	1.9997686460241233
30c.sql	327	196	125	0	69	123	249251	0	455159	0	1533911960	150850	137	119	8024	911	0.0019231553891612607	0.020142096631958206	1.0240297770081221
30b.sql	318	294	17	0	170	17	15148	0	27486	0	135546574	5847	57	55	28	55	0.04272729073917498	0.5686822284923458	1.0152571660967609
30a.sql	313	212	95	0	86	95	179570	0	337171	0	1430867833	145921	258	235	757	674	0.0026627439721283582	0.018805038550887193	1.0645207493933704
2d.sql	117	5	110	1	1	105	301603	0	570180	0	1752733363	27155	10	6	68316	1140	0.00529867487274216	0.41460531185215016	1.998473330382072
2c.sql	3	0	2	0	0	2	1048	0	2014	0	2596791	465	6	5	0	4	3.622851322884723E-4	0.0013318180073203245	1.0001163460588058
2b.sql	87	1	85	0	0	85	240002	0	475553	0	1754798787	27154	15	7	5228	951	0.0065507365263690965	0.6257593094705632	2.0020260126491487
2a.sql	86	2	83	0	1	82	207587	0	415160	0	1752497286	13800	11	8	7834	831	0.007822346399929016	0.8259049357468476	2.0001239993376716
29c.sql	1946	256	1682	0	170	1680	3906705	0	6644530	0	194999806194	484598	6555	6183	16308	13289	4.4787701565903983E-4	0.6815270030214058	4.056597461509843
29b.sql	224	183	34	0	109	34	23958	0	43422	0	76483057	5316	88	87	15	86	0.03223061649167928	0.6893270952438082	2.509471898752723
29a.sql	1948	202	1736	0	130	1735	3656238	0	6359484	0	1042515069	553367	7587	7581	1620	12718	0.0010321294702280337	0.684852772973858	2.9426378793921137
28c.sql	456	333	116	0	182	115	215522	0	393463	0	8416230935	161760	344	327	8373	786	0.002104311014029645	0.3431662915136437	1.1382711548866864
28b.sql	293	186	101	0	112	100	161823	0	319229	0	9718284670	96735	410	376	148	638	0.007059164281254916	0.6673333432100228	2.8458796150699146
28a.sql	526	350	168	1	234	168	373702	0	663978	0	16313306501	123942	547	469	4803	1327	0.00254723619328603	0.6667752641974303	2.168723785139773
27c.sql	363	342	16	0	165	16	18295	0	33971	0	918792359	5223	66	60	743	68	0.015941988151087202	0.2397135941912061	1.0860317743078205
27b.sql	214	196	13	0	49	13	12358	0	22504	0	917944899	3411	48	47	247	46	0.023808399874257768	0.20369436600779883	1.0945155141853478
27a.sql	280	261	14	0	108	14	15133	0	26878	0	890278418	5293	54	54	477	53	0.020390937029082602	0.22898404701931152	1.0885747625750015
26c.sql	745	190	550	0	110	549	1270342	0	2440108	0	26462173260	95138	203	179	5400	4880	6.198692627856316E-4	0.6879416123125679	2.608279077268497
26b.sql	364	189	172	0	127	172	464425	0	915754	0	35061144632	172002	361	300	93	1831	0.0017538952436415261	0.6863614184059654	2.4270540043058717
26a.sql	394	156	233	0	79	232	511197	0	935251	0	15652008319	95950	161	138	1728	1870	0.0014934903070718633	0.6878853552319872	2.5672810736300127
25c.sql	335	184	146	1	65	142	391752	0	702579	0	1430949908	182546	118	105	26153	1406	0.001246211232467438	0.014311379191354308	1.0213550767129818
25b.sql	229	221	5	0	102	5	1470	0	2883	0	52902120	1054	7	6	6	5	0.002783945249708644	0.01357115870800292	1.0003463061518298
25a.sql	296	234	59	0	110	58	127914	0	241382	0	1048146840	91562	94	77	4407	483	0.003143140586577299	0.025223419397151697	1.0449675178042144
24b.sql	292	278	10	0	230	10	5522	0	10540	0	238086131	1998	24	23	45	22	0.13789425212473252	0.8192367507057263	2.507492821783841
24a.sql	266	237	25	0	189	25	35910	0	70174	0	3340627428	7371	141	132	275	140	0.01326321405820767	0.6815270030214058	2.034458005483558
23c.sql	243	226	14	0	99	14	16895	0	30756	0	336341394	8075	64	62	628	62	0.040675453767074765	0.7882736156351792	1.9657547883593292
23b.sql	228	213	11	0	135	11	9820	0	19064	0	691578427	7375	40	39	16	38	0.0806241143805807	0.6881662665326773	2.6335379274202984
23a.sql	262	243	16	0	164	16	24800	0	45574	0	1949189447	13675	93	90	618	91	0.03215880766378456	0.6879669844750504	2.6388241480421013
22d.sql	364	220	140	0	104	133	352894	0	634635	0	7885796360	97728	200	163	46281	1270	0.0013027290283599792	0.34318323973966447	1.1347348290027566
22c.sql	322	224	93	0	115	91	246453	0	422852	0	5228500915	70116	188	154	21489	845	0.001945131058390969	0.3431914662559728	1.1319360927673947
22b.sql	198	156	38	0	55	38	66596	0	129469	0	3834542915	23618	140	130	31	258	0.006315500397148466	0.3378256482960896	1.1103165131626669
22a.sql	251	192	55	0	95	54	108077	0	199300	0	3485228138	36790	187	168	2851	399	0.004063277257656546	0.33741841052237903	1.1111065149603807
21c.sql	330	304	22	0	128	22	50131	0	94346	0	3085828763	6995	71	58	1874	189	0.005728873665935719	0.11839461523005827	1.083598951493095
21b.sql	222	209	10	0	63	10	8016	0	15848	0	572734377	4824	34	32	38	32	0.04490621586402513	0.2289725889685678	1.3870122244435465
21a.sql	270	231	36	0	85	36	112241	0	207364	0	2552080171	17585	125	105	1410	414	0.007695862494118201	0.29898417760000157	1.080112190631242
20c.sql	401	185	213	0	108	212	441578	0	848147	0	8079869831	45332	67	53	5406	1696	0.0016458978758708085	0.6880053846979015	1.734560978610901
20b.sql	345	330	12	0	251	12	7183	0	13956	0	100365884	1497	29	28	17	27	0.05200218769490053	0.6072882607829297	1.6889070180766281
20a.sql	663	636	24	0	488	24	39550	0	77493	0	1898133649	14246	77	66	33	154	0.014710777314359763	0.5948155256614084	2.5078669431765617
1d.sql	241	235	5	0	115	5	620	0	1233	0	1987	192	4	3	4	2	7.419724015221655E-5	1.483944803044331E-4	1.0001476706047907
1c.sql	138	131	6	0	106	6	1145	0	2098	0	3865457	630	6	5	3	4	0.2525086731399429	0.9999666675120559	2.0219308309996844
1b.sql	230	223	5	0	106	5	619	0	1231	0	11556574	70	4	3	3	2	9.057741289170203E-5	1.8115482578340405E-4	1.8948597632047572
1a.sql	128	120	7	0	117	7	1697	0	3124	0	7194707	762	7	7	142	6	0.2580308777446125	0.9998869593887112	2.0170402267095358
19d.sql	6978	135	6824	16	55	6485	24874778	0	46801927	0	4599048223858	5141164	2205	1561	1760645	93603	1.1339289217980378E-4	0.681253799636202	2.8828268102456853
19c.sql	302	251	48	0	161	47	147721	0	284478	0	9414546410	73587	160	138	3575	568	0.010356801553784623	0.6815270030214058	1.721669975913607
19b.sql	238	226	9	0	162	9	2425	0	4774	0	43200261	1284	11	10	15	9	0.08211140016881778	0.6878590136888383	1.740941850869831
19a.sql	356	337	15	0	234	14	16923	0	33204	0	1371644974	10182	65	61	184	67	0.06511627724917106	0.8175129610779777	1.6884584285606832
18c.sql	373	180	190	1	64	184	533016	0	1009871	0	34871166945	220384	22	17	28073	2019	0.0034431323755893545	0.4627414352872327	2.0000976553515484
18b.sql	285	256	26	0	136	26	79577	0	158247	0	5210812594	74852	21	17	11	317	0.018848746450438696	0.7959183673469388	2.0117570090918666
18a.sql	398	331	65	0	86	65	158095	0	314873	0	3956155963	29695	37	22	410	629	0.008854829049749192	0.8399620060338623	2.6117588194433172
17f.sql	1617	96	1515	5	66	1376	3576145	0	6300877	0	1890858998	95870	23	14	1113120	12602	6.036335893945438E-4	0.47779239058272577	1.9997130128895835
17e.sql	4703	5	4684	13	1	4338	12978396	0	25840007	0	1072970215	2208897	34	23	2832555	51680	1.7826428634807226E-4	0.6613756613756614	1.0013441002992376
17d.sql	152	54	97	0	54	96	397124	0	784068	0	37031209	39946	18	14	11538	1569	0.002839256117336279	0.8633184266709465	1.0001644830087943
17c.sql	94	67	26	0	67	26	85258	0	168751	0	8316480	11831	17	13	1918	338	0.010912899538545339	0.20792467630084277	1.0001947919794445
17b.sql	3885	51	3831	1	49	3824	15989916	0	31979768	0	3541209262	24383	53	31	52306	63960	1.3922664507256687E-4	0.7444320363782292	2.0004673827668964
17a.sql	1095	76	1016	2	59	988	2179106	0	4188996	0	1914746501	53398	17	12	258289	8377	8.66054490184314E-4	0.5539520930478685	1.9995340601376954
16d.sql	713	90	619	2	53	585	2006363	0	3912487	0	44202657	777369	100	75	249455	7825	0.0010192154560757952	0.6702412868632708	1.003293974306878
16c.sql	1375	99	1271	3	42	1215	3290841	0	6455556	0	9295433201	791240	44	32	319932	12911	5.014520398377002E-4	0.6363636363636364	1.001357851480425
16b.sql	11892	6	11850	34	1	10846	36533198	0	71084774	0	4491512936	6854769	164	120	3710592	142169	7.231719001972358E-5	0.743848821135944	2.0018966031422307
16a.sql	90	58	30	0	54	30	87934	0	175596	0	2671524	68768	38	27	385	352	0.017273052704908566	0.9056603773584906	1.0016884489121598
15d.sql	246	213	31	0	95	30	69620	0	124957	0	149789094	39552	94	80	11347	249	0.022010906541567603	0.29957560497792174	1.0002004417655692
15c.sql	328	311	14	0	193	14	21169	0	37706	0	246228797	8700	47	36	2271	75	0.04698697409219104	0.9127636719690406	1.0003123724903105
15b.sql	193	182	7	0	132	7	2841	0	5473	0	14203868	2718	11	11	37	10	0.059545485734272804	0.3805800425313781	1.7598035670914842
15a.sql	234	222	10	0	142	10	5747	0	11016	0	6100788	5069	24	22	328	23	0.15171526242469363	0.9332516750624174	1.999114725992165
14c.sql	285	230	52	0	62	51	126871	0	231331	0	3325407747	37756	80	57	4115	462	0.003546188797520916	0.3431365403318023	1.1258445441294616
14b.sql	301	293	5	0	210	5	1912	0	3746	0	186006918	762	9	8	1	7	0.09562455198709555	0.5494505494505495	1.6662818086597917
14a.sql	266	226	38	0	98	38	85594	0	166798	0	4298569034	16840	75	57	761	333	0.0063392591269787624	0.6764651301691293	1.8422384604908908
13d.sql	3609	6	3593	9	2	3468	9970417	0	18245203	0	3608629720751	1049193	710	414	670390	36491	2.952406019631E-4	0.7894073139974779	3.2276928165972905
13c.sql	82	72	7	0	68	6	3990	0	7465	0	1861816317	162	16	15	53	14	0.12188916244712986	0.5118382052862159	2.5774174764025224
13b.sql	109	95	11	0	91	11	14651	0	26400	0	5408054047	2025	51	45	372	53	0.07232464185449435	0.6157504995613674	2.7642777461298076
13a.sql	1412	1	1407	2	0	1381	4447116	0	8297620	0	2849139009832	436267	666	390	111101	16595	7.054003790413527E-4	0.5568078768831441	3.1600838172950407
12c.sql	250	123	124	0	40	123	348665	0	672384	0	157599231834	237120	149	107	4711	1345	0.005547695516147343	0.658617542268352	2.5451152783724855
12b.sql	76	69	5	0	65	5	2167	0	3992	0	245380614	546	9	8	10	7	0.22657965807322258	0.9999996537574125	2.585995531888817
12a.sql	100	70	28	0	38	28	62324	0	122804	0	47664606364	55336	141	102	397	245	0.018191599010412934	0.5113392975941414	2.500642196523676
11d.sql	299	217	79	1	65	78	398809	0	781211	0	18208757	17398	37	32	14899	1562	0.0035388805296043685	0.34027791593468065	1.0002326393972982
11c.sql	626	258	366	0	116	365	1595213	0	2973527	0	423986622	41095	352	187	6946	5948	4.8152979210646925E-4	0.7930854276969318	1.2987315078159831
11b.sql	259	249	6	1	100	6	3436	0	6492	0	299497727	365	14	14	14	13	0.13173485025195744	0.6455236365374504	1.984954463470725
11a.sql	257	243	12	0	89	12	20493	0	38630	0	1688075333	3956	56	44	310	77	0.013921621568339497	0.1276695274303712	1.079370822334734
10c.sql	579	307	271	0	143	271	1973188	0	3946104	0	766876112521	1628	87	53	10	7893	0.0011743556524008625	0.9025270758122744	1.0840383351991485
10b.sql	289	284	4	0	125	4	1768	0	3502	0	317297181	559	9	8	0	7	0.001289395330337453	0.008365461410582541	1.0078973355022158
10a.sql	209	196	10	0	135	10	13263	0	25744	0	311582505	10283	28	21	104	52	0.05353624768990463	0.7986577181208053	1.0058422381048142
