Query	Millis	PreMillis	JoinMillis	PostMillis	PreNoIndexMillis	JoinNoMatMillis	Tuples	nrFbacks	Iterations	Lookups	NrIndexEntries	nrUniqueLookups	NrUctNodes	NrPlans	JoinCard	NrSamples	AvgReward	MaxReward	TotalWork
9d.sql	2481	659	1737	47	555	1442	1951661	0	3535127	0	76290668394	372213	80	62	483082	7070	0.0010091247249493518	0.6811691972672168	2.0003536234367303
9c.sql	556	449	96	1	348	95	162907	0	314848	0	10566871463	73311	141	107	8144	629	0.009574896092678392	0.6813831243153313	1.7263043794613315
9b.sql	786	683	94	0	584	93	12620	0	25051	0	921488439	7076	42	37	40	50	0.0761088881778515	0.6879430338961207	1.695420745227381
9a.sql	1136	1103	25	0	901	24	16188	0	32099	0	1422009662	9387	51	46	121	64	0.06299739295691324	0.6813725320671327	1.6882081207503468
8d.sql	1019	6	1006	3	2	921	2069745	0	3952381	0	76430717236	403360	47	28	323005	7904	1.0422084613202804E-4	0.787204874549406	1.7948788143624628
8c.sql	7854	9	7822	19	4	7326	17371582	0	34742511	0	7447206017043	3453363	73	42	2487611	69486	1.3267209821931395E-5	0.6657793006285009	1.7419036433915922
8b.sql	631	601	23	0	595	23	2298	0	4570	0	25303079	1044	11	10	6	9	0.11297735870570204	0.6273506666953881	1.8108613509912366
8a.sql	215	186	24	0	175	24	37976	0	75863	0	1210212007	2185	17	15	62	151	0.03907656268847746	0.626907997207154	2.0105577550502547
7c.sql	1706	594	1105	1	375	1091	1493736	0	2887247	0	325198324	371257	32	26	68185	5775	0.001133078329574154	0.564008492408843	1.0004044589605734
7b.sql	404	388	12	0	219	12	3079	0	6092	0	310350	1308	14	13	16	13	0.09093739774417371	0.7536759841183903	1.8587548969609582
7a.sql	889	865	19	0	671	19	10566	0	20923	0	7597714	7578	33	26	32	42	0.013270140230971133	0.13079252281263182	1.3874101152547544
6f.sql	1923	260	1650	10	104	1268	1632041	0	3235200	0	468045500	688	15	7	785477	6471	2.8132979117843107E-4	0.041399707864066236	1.0000274277160857
6e.sql	432	419	11	0	211	11	3763	0	7520	0	1191818	61	15	7	6	16	0.14014959789232362	0.6254843311631638	1.9203454297589357
6d.sql	316	301	12	0	139	12	10030	0	19969	0	2650848	935	15	7	88	40	0.019801869022346923	0.5428441292729301	1.0000681742385298
6c.sql	123	115	6	0	115	6	302	0	603	0	5740	12	3	2	2	1	0.0	-Infinity	1.0
6b.sql	131	120	8	0	119	8	1779	0	3544	0	275237	21	9	6	12	8	0.10306283817967395	0.542842868610735	1.0297422759736803
6a.sql	150	138	10	0	110	10	3726	0	7452	0	634762	75	11	7	6	14	0.13763147072670698	0.5772124469688371	1.9203816088298977
5c.sql	698	686	8	0	419	8	3959	0	7907	0	10748998	2043	11	6	669	16	0.21784319552220593	0.9976606326109846	2.017866594687111
5b.sql	439	430	6	0	308	6	501	0	1002	0	0	251	4	3	0	2	0.08815232722143865	0.1763046544428773	1.1755994358251058
5a.sql	701	691	7	0	395	6	752	0	1502	0	13454534	488	5	4	0	3	0.011262752592116052	0.026558793115335558	1.0248583242013758
4c.sql	36839	36810	27	0	178	26	38472	0	71124	0	164047985	9033	15	7	4700	142	0.006778303788834016	0.2365204656685163	1.0005975336026791
4b.sql	98	89	6	1	65	6	3067	0	6119	0	2949381	388	11	7	6	12	0.0755732703558606	0.46539274365248623	1.6769705268494233
4a.sql	260	241	17	1	68	17	18562	0	36137	0	138703416	4555	11	6	740	72	0.010471411018770884	0.22874991414607143	1.0006715024195916
3c.sql	447	421	23	0	249	22	29424	0	57649	0	113305541	14808	10	5	7250	115	0.007263359920058608	0.17738975975939722	1.0002826262593996
3b.sql	111	104	6	0	80	6	4812	0	9616	0	2964614	1097	10	6	5	20	0.13832826785729738	0.8909774436090225	1.0005580202189837
3a.sql	639	496	140	0	420	140	375152	0	749987	0	73305804	74512	13	6	206	1499	0.004335247893996127	0.45597538910992086	1.0002204392808387
33c.sql	436	210	220	0	78	220	245230	0	482480	0	1375653196	43703	59	53	114	965	0.006763787461325278	0.568573920758753	2.0001841424724662
33b.sql	278	230	43	1	73	43	7167	0	14134	0	21428138	2029	30	29	4	28	0.03435608010321741	0.16107696419027256	1.0225585110853146
33a.sql	332	298	20	0	100	19	9364	0	18205	0	14832217	1800	38	37	8	36	0.027488395196276452	0.14430840061386535	1.0113710812364702
32b.sql	325	0	322	0	0	321	570795	0	1118585	0	131736635	44356	55	26	4388	2238	0.003086324436810875	0.8851090291090219	1.2318697219228512
32a.sql	5	1	3	0	1	3	1257	0	2506	0	37361	564	7	6	0	5	1.9421060575563212E-4	7.675919802453623E-4	1.0009355893999003
31c.sql	628	528	90	0	163	90	121698	0	231398	0	275482109	17140	122	116	2825	463	0.0031612483900377956	0.31330868355565494	1.0184524363920955
31b.sql	1086	1046	29	0	612	29	16837	0	31560	0	85483273	5981	65	63	84	63	0.03784743095703878	0.5364174974497701	1.0414160249484083
31a.sql	807	585	215	0	170	215	311326	0	618155	0	5311617372	88879	137	108	1273	1236	0.0052251534601696565	0.4696439659406696	1.9994806939787761
30c.sql	861	682	170	1	179	168	247963	0	428667	0	1527205343	113430	165	153	8024	857	0.0020426145262335093	0.020163380185383384	1.023923558594782
30b.sql	793	761	21	0	296	21	9184	0	17498	0	63558646	3717	36	35	28	34	0.05245913839054858	0.45939331027561825	1.0137643687469373
30a.sql	841	662	169	1	245	169	148425	0	289013	0	1386644920	88818	184	173	757	578	0.0030935933326853237	0.020355759750575606	1.0598129443540667
2d.sql	179	16	162	0	4	149	301597	0	570164	0	1752609090	27315	10	6	68316	1140	0.005316418703482261	0.43630610721965074	1.9985807315778943
2c.sql	5	0	3	0	0	3	759	0	1514	0	2598457	260	5	4	0	3	2.3820803266745694E-5	6.52609329861188E-5	1.001396451002585
2b.sql	122	2	119	0	1	118	239985	0	475448	0	1752387274	27322	15	8	5228	951	0.006729808711568309	0.7862032429272844	2.0025087748366297
2a.sql	130	2	125	0	1	124	241518	0	477667	0	1754780439	27175	11	7	7834	955	0.0062929520159468975	0.41598977544914756	1.9990067047935318
29c.sql	2916	621	2282	0	425	2279	3244512	0	5747511	0	10605720969	1398748	6648	6352	16308	11495	5.36334465016933E-4	0.9144011397334245	3.0092985557784195
29b.sql	363	326	24	0	236	24	8247	0	15308	0	74299784	3381	33	32	15	31	0.06398265772489722	0.6894195842917609	2.5081735671173715
29a.sql	1335	590	732	0	458	731	884021	0	1427732	0	609243238	83774	2857	2856	1620	2855	0.0011962237060030136	0.6894204118658812	2.9432625190150974
28c.sql	877	704	163	1	408	162	212129	0	370100	0	8390627449	110391	406	386	8373	740	0.00223684310094121	0.3431676295895506	1.1382030940387813
28b.sql	638	455	176	0	194	176	211541	0	407373	0	10042122607	142226	642	612	148	814	0.00677074324357551	0.6675695693945402	3.321521020969197
28a.sql	851	643	199	1	445	199	274751	0	499808	0	13889806036	103873	508	467	4803	1000	0.003300649912884082	0.6667821779260072	2.193993870126933
27c.sql	829	790	30	0	354	30	22240	0	39928	0	1462887008	8454	81	78	743	80	0.013383107018845462	0.2203734578192731	1.0797640237362516
27b.sql	729	702	21	0	236	20	10712	0	19094	0	607891778	4552	40	39	247	38	0.027392812333263194	0.22122138943972036	1.094352274355822
27a.sql	677	645	24	0	190	23	15153	0	27188	0	748583937	5834	57	56	477	55	0.019650483769628996	0.23675024334575237	1.0878246861511451
26c.sql	843	349	488	0	205	486	757212	0	1460476	0	7831393893	82776	121	109	5400	2920	9.542102051196739E-4	0.6878960051482027	2.5335608652055877
26b.sql	449	344	98	0	234	98	138757	0	264649	0	10967958359	83359	314	237	93	529	0.010456960361344386	0.6867432768629309	2.7677078515576112
26a.sql	833	512	314	0	237	313	421350	0	790600	0	25768672265	134454	132	120	1728	1581	0.001965560039433579	0.6878917125248111	2.6075124269218577
25c.sql	1010	740	263	1	245	256	352270	0	625135	0	1486846927	120838	153	106	26153	1250	0.0013981922709093934	0.020180632824845984	1.0223028566130672
25b.sql	730	714	10	0	294	10	2362	0	4639	0	77638939	1653	12	11	6	10	0.09441174596394272	0.9266596007290401	1.0141216788339857
25a.sql	663	565	94	0	195	93	126728	0	236706	0	1092674473	89249	100	76	4407	473	0.003215981172683352	0.024499664469414765	1.0469899340380568
24b.sql	493	395	90	0	321	90	7377	0	13935	0	314342528	2096	29	28	45	27	0.1157103069700608	0.7147413344579123	2.507375117450795
24a.sql	557	457	69	0	306	69	72688	0	141878	0	10263061693	18133	216	202	275	283	0.006888479343658465	0.6813156814816115	2.0635827562533153
23c.sql	1343	1319	18	0	699	18	10203	0	18768	0	375838854	6102	40	39	628	38	0.06558699436662453	0.7806451612903226	1.0105309641421458
23b.sql	341	318	18	0	149	18	9365	0	17958	0	352268182	7231	37	36	16	35	0.0791698395866549	0.6171276708017195	1.6907714099369793
23a.sql	647	613	30	0	523	29	28104	0	51140	0	1829740580	15075	104	103	618	102	0.029503989931686715	0.6878434425633516	1.7001504831191876
22d.sql	649	312	330	1	148	321	607779	0	1037402	0	13961784364	236011	224	191	46281	2074	8.058938304201889E-4	0.3431617054072795	1.1480102516068318
22c.sql	624	451	166	0	212	163	270985	0	484225	0	7207769220	66341	215	191	21489	969	0.0017039238001686982	0.3431475338624965	1.1352704685333674
22b.sql	421	344	72	0	137	72	83836	0	165984	0	8125169699	38453	188	155	31	331	0.004987278530172399	0.337858030744194	1.1163661105486458
22a.sql	668	476	187	0	176	186	124389	0	227802	0	3742552487	37691	160	141	2851	455	0.003556202986655369	0.33770528456205706	1.1111642496020553
21c.sql	925	889	30	0	398	29	37239	0	70830	0	2096851515	6955	64	53	1874	141	0.007636323231141299	0.15641420395595568	1.082744131169947
21b.sql	690	670	16	0	225	16	10292	0	19900	0	626355417	5549	41	34	38	39	0.027034065023553915	0.2038505285695169	1.0823382838253015
21a.sql	887	862	21	0	343	20	20120	0	37903	0	1125485598	3055	39	31	1410	76	0.014284449819222094	0.22758585926473554	1.087988315909655
20c.sql	717	309	404	0	212	403	815255	0	1503099	0	19127337895	79520	78	64	5406	3006	9.884670465239549E-4	0.6880096757732745	2.5798296749459717
20b.sql	563	538	20	0	398	20	7943	0	15268	0	102461969	1764	32	30	17	30	0.05522921795096606	0.6072883696382109	1.688496579083074
20a.sql	788	757	27	0	419	27	33754	0	66568	0	1971617236	4323	55	45	33	133	0.01596390404325715	0.670526428107851	2.508059681342701
1d.sql	661	652	8	0	295	8	1028	0	2043	0	11414818	283	6	5	4	4	0.22370375127250444	0.8946765760220425	1.8947893380579393
1c.sql	446	375	69	0	282	69	1060	0	2110	0	4493989	487	6	6	3	5	0.20543340417581818	0.9999818845174218	1.0268939736830425
1b.sql	634	616	8	0	369	8	1048	0	2078	0	11556256	481	6	6	3	5	0.1791624844960173	0.8946800864852205	1.8951988725871116
1a.sql	215	203	10	0	200	10	1918	0	3622	0	1998754	1062	8	6	142	7	0.2297496672945337	0.9998752775141443	2.010339770542897
19d.sql	7303	339	6947	13	153	6774	15802381	0	29274663	0	1494563094646	4327435	1772	1423	1760645	58549	1.732677296784699E-4	0.6812615588620154	2.4341359461285945
19c.sql	736	660	72	0	389	71	147588	0	285570	0	9954989274	75732	151	134	3575	571	0.010822389846145176	0.6814060943667687	1.7236523970188593
19b.sql	529	511	13	0	434	13	1992	0	3896	0	72755897	840	9	8	15	7	0.09850269423904043	0.6879168249065626	1.692821315525003
19a.sql	609	581	22	0	383	22	17554	0	34038	0	1458299585	9773	61	59	184	68	0.05974918792826478	0.6813104354402537	1.688787521963738
18c.sql	749	491	254	1	183	246	485262	0	914303	0	34941564462	220790	21	16	28073	1829	0.004039158987083939	0.7526315789473684	2.0007012074517565
18b.sql	775	756	16	0	271	16	20793	0	40713	0	307407699	18864	22	18	11	82	0.04839306839888449	0.7405541561712846	2.0163435704022215
18a.sql	1601	1502	97	0	189	96	170917	0	338856	0	4555274386	31170	60	35	410	677	0.008166392288527117	0.8583734558519411	2.613128850860515
17f.sql	5111	134	4971	4	99	4821	11330981	0	22661940	0	3539935436	24384	32	21	1113120	45323	1.7730388639640074E-4	0.5902255415961447	1.9998570866879266
17e.sql	3800	7	3780	11	3	3282	6029832	0	11983365	0	2557334866	27556	129	76	2832555	23966	3.027198713855332E-4	0.5009553941407853	2.0027835567345402
17d.sql	1848	94	1752	0	94	1750	4218855	0	8415948	0	1648599507	156112	42	27	11538	16832	2.2528134100401197E-4	0.1798651892587388	1.0014060216066174
17c.sql	165	125	38	0	125	38	88825	0	177389	0	8643155	11698	28	21	1918	355	0.010246969695151587	0.15597662424607805	1.000189791057881
17b.sql	916	91	822	1	90	817	1239264	0	2437389	0	1884481122	11091	32	26	52306	4874	0.0014911784316743448	0.4820112846154513	2.0001309449169344
17a.sql	2002	118	1880	2	101	1843	3422551	0	6836568	0	2576193365	21132	28	20	258289	13674	5.34330693028022E-4	0.6590923361577643	1.9996830872378832
16d.sql	1664	109	1551	2	69	1523	2826612	0	5548688	0	9252320147	634637	167	127	249455	11097	5.735257831416116E-4	0.5791604105238483	1.0033061815421058
16c.sql	1137	119	1013	3	50	925	2308294	0	4436872	0	50148447	1179238	55	38	319932	8873	8.960204454447195E-4	0.5330490405117271	1.003184756855147
16b.sql	14384	6	14349	27	3	13353	32993620	0	64348700	0	4555851802	11013305	210	130	3710592	128697	6.64095566864743E-5	0.442584218645672	2.3004665268589135
16a.sql	83	44	37	0	40	37	88361	0	176448	0	21413138	68767	35	28	385	353	0.016057051640641546	0.6842672363609897	1.0055283682506864
15d.sql	299	262	34	0	93	33	53024	0	90190	0	317953061	14528	65	54	11347	180	0.028522850822038003	0.5353168340605395	1.0005030122664298
15c.sql	490	467	20	0	296	20	15971	0	28588	0	317646533	5315	50	46	2271	57	0.05608956809801772	0.9425229405447226	1.0003436293562291
15b.sql	313	295	14	0	239	14	3323	0	6255	0	8415745	3026	14	13	37	12	0.09215009841501191	0.587610861627568	1.837660521240028
15a.sql	313	295	15	0	182	15	6504	0	12482	0	16650096	5257	25	24	328	24	0.1317772630269754	0.9373537246410187	1.9955719315697336
14c.sql	491	399	88	0	136	87	121093	0	225092	0	4014298084	36682	107	64	4115	450	0.0036486785262072816	0.3431641940178552	1.1274890414882055
14b.sql	616	603	9	0	390	8	1804	0	3566	0	219870310	741	9	8	1	7	0.15051051119543857	0.9337308049040457	2.048644365041878
14a.sql	808	737	67	0	541	66	93071	0	175171	0	4495847703	31767	83	57	761	350	0.006032746921970152	0.6761446664528531	1.8417093897890031
13d.sql	5756	8	5738	8	4	5576	13277434	0	22899816	0	3676127429208	1487314	735	444	670390	45800	3.332127867657457E-4	0.8011098128432619	4.174937233067324
13c.sql	446	430	13	0	426	13	6158	0	11142	0	3060978745	437	25	24	53	23	0.12750408224891477	0.859928940130134	1.7849572282389763
13b.sql	219	201	15	0	197	15	10793	0	19508	0	4305735394	1506	38	34	372	39	0.0748624781941457	0.636099612281739	2.7144520005032713
13a.sql	2220	2	2215	1	1	2189	4729013	0	8987803	0	2656301186010	1125516	713	414	111101	17976	5.820496782761131E-4	0.7345454545454545	3.1893758775370995
12c.sql	510	241	265	0	85	264	554041	0	1092611	0	230166269823	394313	112	82	4711	2185	0.0038465351667362857	0.6782607594867924	1.5886373927221789
12b.sql	409	396	10	0	392	10	2475	0	4715	0	45695499	237	10	10	10	9	0.27887471447132983	0.9999943923971594	2.5953558807112067
12a.sql	157	121	34	0	79	34	42868	0	82654	0	23809393999	35795	94	77	397	166	0.029300780520075582	0.8160768942562973	2.5013118144696755
11d.sql	595	466	126	0	161	124	404032	0	791259	0	109322143	17704	61	49	14899	1583	0.003780470965912812	0.7164182321206894	1.000282965785377
11c.sql	1010	593	413	1	252	412	1108993	0	2139840	0	287728810	18349	433	222	6946	4280	5.523320364913448E-4	0.5910976284880676	1.0766663149523918
11b.sql	741	727	11	0	200	11	2328	0	4256	0	297906360	458	11	10	14	9	0.1226122408411972	0.8055555555555555	1.2956249423459947
11a.sql	596	572	21	0	218	21	24086	0	46232	0	1172811636	3183	46	38	310	92	0.011697264985840759	0.20232558139534884	1.0824402276730167
10c.sql	1391	606	783	0	218	783	3790561	0	7580856	0	929780769100	3141174	99	53	10	15162	6.430361727960765E-4	0.7352941176470588	1.0837069538799537
10b.sql	682	675	5	0	197	5	772	0	1502	0	169	372	5	4	0	3	7.99463224232591E-5	1.6022972763036255E-4	1.0002388238793216
10a.sql	350	332	16	0	226	15	13484	0	26267	0	177793452	10103	29	22	104	52	0.044247850017706675	0.569377990430622	1.0024257197936992
