Query	Millis	PreMillis	JoinMillis	PostMillis	PreNoIndexMillis	JoinNoMatMillis	Tuples	nrFbacks	Iterations	Lookups	NrIndexEntries	nrUniqueLookups	NrUctNodes	NrPlans	JoinCard	NrSamples	AvgReward	MaxReward	TotalWork
9d.sql	2781	522	2178	46	433	1972	5624341	0	10799003	0	37831697837	2174696	241	178	483082	21599	5.326782729427584E-4	0.9733712058454193	2.2701700369698488
9c.sql	455	353	91	0	278	90	151017	0	287267	0	9843114582	62006	122	104	8144	574	0.010546378695897642	0.6813303598228423	1.7228325710452894
9b.sql	981	944	27	0	855	27	13260	0	26379	0	1034614455	7980	46	43	40	52	0.06857029673887169	0.6879556419753778	1.696245038652903
9a.sql	732	700	25	0	421	25	16215	0	31927	0	1319006185	9223	50	46	121	64	0.06547050063672899	0.6813353069463144	1.6876168290155744
8d.sql	1196	10	1180	3	6	1038	2013219	0	3839426	0	76432916689	403632	45	27	323005	7678	1.0728798820077462E-4	0.7872051681467138	1.7948773495511916
8c.sql	50739	8	50709	19	4	49568	30748032	0	59266531	0	5415479969706	8311384	100	65	2487611	118534	9.353267005393974E-5	0.9652509652509653	1.7208751734949217
8b.sql	907	878	20	1	870	20	1886	0	3698	0	7448687	1271	10	9	6	8	0.16209343127187775	0.6426259732002392	1.652068203389446
8a.sql	481	437	40	0	426	40	37350	0	74663	0	1215821768	2310	18	15	62	150	0.041844567075124635	0.7627118644067796	2.014990965268614
7c.sql	1899	773	1115	0	551	1106	1493754	0	2887356	0	325040894	371234	30	25	68185	5774	0.0011072109206677113	0.5872303709367142	1.000390167882898
7b.sql	316	303	10	0	171	10	2943	0	5495	0	227597	2063	12	11	16	10	0.039485355439364204	0.31955644778756537	1.0140560014836288
7a.sql	380	363	13	0	199	12	7247	0	14432	0	3503967	4761	20	15	32	29	0.014961842208483563	0.07083631023839033	1.317994457725567
6f.sql	1775	241	1521	10	82	1178	1632088	0	3235292	0	468051789	877	15	7	785477	6471	2.817439169004183E-4	0.041399744469216626	1.0000166471233105
6e.sql	336	321	12	1	165	12	2783	0	5564	0	613163	187	11	7	6	12	0.1522448818706983	0.6254839885068856	1.9204706602228023
6d.sql	218	200	13	1	109	12	7608	0	15134	0	2435550	913	11	7	88	31	0.025551999586720307	0.49999458838814126	1.0000155381680673
6c.sql	94	85	7	0	85	7	302	0	603	0	1408	0	3	2	2	1	0.0	-Infinity	1.0
6b.sql	98	86	9	0	85	9	3526	0	7036	0	688913	367	11	7	12	14	0.13384608750131416	0.5669370948917054	1.0000032322843349
6a.sql	193	183	9	0	112	9	3211	0	6419	0	897088	246	12	7	6	12	0.10548184755009095	0.5404669767654758	1.9209674218871473
5c.sql	31158	31145	9	0	30700	9	3945	0	7888	0	11207182	1651	11	7	669	16	0.2196512379575539	0.9976654696301007	2.0179021290091597
5b.sql	417	408	5	1	259	5	251	0	502	0	327	110	3	2	0	1	0.0	-Infinity	1.0
5a.sql	713	703	7	0	624	7	501	0	1002	0	0	349	4	3	0	2	3.2497887766677185E-4	6.499577553335437E-4	1.0006432873935165
4c.sql	564	481	81	0	176	77	36115	0	67084	0	133070442	9281	14	7	4700	134	0.007190349216014792	0.23651190318719081	1.0004515833137955
4b.sql	100	88	8	0	59	7	10947	0	21432	0	2738652	760	13	8	6	43	0.08285907787485015	0.6946778711484594	1.0005580202189837
4a.sql	320	301	17	0	103	17	18245	0	35661	0	153886622	4459	11	6	740	72	0.014365223677173626	0.38304355588645045	1.0006208122755862
3c.sql	652	617	32	0	277	31	29424	0	57649	0	113305264	14683	10	5	7250	115	0.007264068160291294	0.17738946955807738	1.000365871216727
3b.sql	93	84	6	0	58	6	4824	0	9640	0	2919825	909	10	6	5	20	0.13655066654734643	0.8713235294117647	1.0006907864024155
3a.sql	382	232	147	0	142	147	375411	0	750487	0	76320638	72686	14	6	206	1500	0.004332915589090159	0.45597538910992086	1.0002376809269296
33c.sql	316	269	41	0	108	41	52835	0	104648	0	1372214520	39581	122	111	114	209	0.02387546614778313	0.5633553373047818	1.997057415800006
33b.sql	249	226	17	0	63	17	7556	0	14898	0	66033385	1686	31	30	4	29	0.033029975756434696	0.18598009086050238	1.0195165714668497
33a.sql	302	277	19	0	87	19	10417	0	20228	0	20215424	2578	42	41	8	40	0.02478071720862412	0.11673034385682687	1.0135035362327867
32b.sql	113	1	110	1	0	109	352971	0	697780	0	30119012	31063	32	17	4388	1396	0.004592435700892309	0.7665032669181862	1.0015260782529214
32a.sql	5	2	2	0	1	2	253	0	506	0	1	2	3	2	0	1	0.0	-Infinity	1.0
31c.sql	650	492	150	0	144	148	206374	0	404326	0	3637625324	34182	144	132	2825	808	0.001728217351060677	0.36945008902274107	1.1115758278790024
31b.sql	592	554	29	0	257	29	16421	0	31429	0	118435139	2423	64	63	84	62	0.034939328000502715	0.7616859333294201	1.0430252246704048
31a.sql	783	568	208	0	145	207	314494	0	623075	0	5288841917	90421	141	121	1273	1246	0.005247059022420165	0.5393921603199824	1.9993913499863925
30c.sql	637	451	177	1	170	175	227786	0	405163	0	1553469159	119776	141	129	8024	811	0.0021624773150469784	0.01610330295437332	1.024182607801759
30b.sql	759	730	20	0	398	19	9332	0	17725	0	123557502	3022	37	36	28	35	0.06950072909045459	0.4196793497067547	1.024143893120034
30a.sql	721	506	208	0	198	208	160503	0	312583	0	1406996303	132933	206	189	757	626	0.0028543564617711558	0.020808796287699736	1.058689567604888
2d.sql	178	13	163	0	3	152	301740	0	570517	0	1753534810	27196	11	7	68316	1141	0.005611338563084218	0.779458626337665	1.9994705291583728
2c.sql	4	0	2	1	0	2	255	0	510	0	8	1	3	2	0	1	0.0	-Infinity	1.0
2b.sql	130	1	128	0	1	127	240006	0	475553	0	1754664035	27153	16	8	5228	951	0.006550676448485505	0.6257593094710779	2.001982801186028
2a.sql	138	4	133	0	1	131	243089	0	480859	0	1752404458	26398	16	8	7834	961	0.006185212655862719	0.37851125692860316	1.998822873469855
29c.sql	2664	375	2278	0	227	2275	3312575	0	5587484	0	10546480898	463983	6278	6252	16308	11174	4.5324287584431024E-4	0.6811955443746976	2.9714408302713955
29b.sql	448	410	26	0	312	26	10044	0	18840	0	66864745	2222	40	39	15	38	0.049104951886796894	0.6893275848450328	2.497475123613718
29a.sql	1177	623	541	0	457	541	653153	0	1039352	0	340788637	80643	2080	2079	1620	2078	0.0013906584308386557	0.689420573352373	2.501063194874791
28c.sql	816	620	185	0	324	184	184421	0	338144	0	9058540414	68619	366	332	8373	676	0.002450645720968716	0.34317057337918017	1.138877404310527
28b.sql	709	517	184	0	440	184	213237	0	409272	0	9097727897	135366	577	558	148	818	0.006559789875290391	0.6677188034658671	3.32139271684569
28a.sql	928	655	261	1	342	261	271424	0	498429	0	8947066116	84950	614	559	4803	997	0.0032754057457450333	0.6667510194928459	2.170094101522538
27c.sql	883	851	24	0	316	24	15658	0	27886	0	773663563	5453	57	57	743	56	0.019236352425424368	0.2376670629850158	1.082364429274996
27b.sql	456	427	23	0	107	23	14080	0	25019	0	816768315	3874	52	51	247	50	0.02091616705757821	0.2194871967202097	1.0943553907763595
27a.sql	515	484	24	0	233	23	16154	0	29364	0	2687735056	6007	60	59	477	58	0.017701450194803323	0.20852476608873538	1.0878209755789234
26c.sql	1120	427	688	0	203	687	1213731	0	2289068	0	9815272709	405738	135	108	5400	4579	6.435080805621341E-4	0.6072834280583219	1.741482357751968
26b.sql	529	362	163	0	292	163	118022	0	228160	0	13962667969	81222	321	278	93	456	0.004802363569281638	0.6866736660886125	2.298746692174328
26a.sql	679	447	226	0	194	226	379939	0	751969	0	11571007048	71382	115	107	1728	1503	0.0017853265075039222	0.6879543343340113	2.549829843641602
25c.sql	698	414	280	0	160	275	458742	0	821416	0	1511854925	295089	132	89	26153	1643	0.001069270688564584	0.023356461537611034	1.023916526877195
25b.sql	551	538	9	0	278	9	2659	0	5234	0	57467240	1545	13	12	6	11	0.10590856855634125	0.8374222723921011	1.0225706582217293
25a.sql	534	425	105	0	157	104	144650	0	267559	0	1140333297	106775	112	99	4407	535	0.0028593859949154012	0.029446515852627933	1.050033548722548
24b.sql	423	400	16	0	302	16	7023	0	13486	0	271150097	2056	29	28	45	27	0.12782073185229403	0.7251027513071804	2.5071405910169338
24a.sql	462	412	44	0	303	44	41958	0	82354	0	4285428318	19020	160	154	275	164	0.011391385249508737	0.681397892970073	2.0385013999166754
23c.sql	443	413	25	0	272	25	24197	0	44121	0	626597521	10483	90	88	628	88	0.027451683341921305	0.6254071661237786	1.9399544194026324
23b.sql	584	560	20	0	443	19	14623	0	28260	0	1828990301	11413	58	57	16	56	0.055223249564555044	0.6881830969499044	2.6467116437438087
23a.sql	1059	1030	25	0	781	25	22330	0	41372	0	2333568974	13849	85	84	618	83	0.035749278907415624	0.6948051948051949	1.7038923493783016
22d.sql	687	474	206	1	167	199	361189	0	649815	0	8509880703	49760	161	138	46281	1299	0.001275699496638719	0.31732040692341185	1.1346149698945855
22c.sql	649	498	143	1	227	140	244583	0	423798	0	4792482404	46684	208	177	21489	848	0.0019398325839576917	0.3431859430990841	1.128629788374651
22b.sql	465	398	62	0	150	62	62999	0	124928	0	3525646801	23329	144	129	31	249	0.006537164788829571	0.3377923410353126	1.109914010884981
22a.sql	597	493	98	0	240	97	117103	0	217300	0	3824487807	50003	165	131	2851	435	0.003731328832244349	0.33753740030774365	1.111408686501622
21c.sql	1086	1024	57	0	386	57	41759	0	79047	0	2083617883	6602	83	72	1874	158	0.006828887632470346	0.13116732943946002	1.0837671806019387
21b.sql	677	653	16	0	232	16	10055	0	19268	0	677685575	4693	39	33	38	38	0.027941567614465587	0.15237376279147793	1.0868646834283981
21a.sql	763	732	26	0	180	26	25853	0	46948	0	1686944526	4575	44	39	1410	93	0.011604339248769753	0.20992841058044567	1.0879456268353478
20c.sql	1115	360	750	0	243	748	1267795	0	2450355	0	75456399809	293284	93	78	5406	4901	0.0019517770213646223	0.7326909516757008	2.500193005699841
20b.sql	785	760	21	0	614	20	10787	0	19991	0	233566922	2115	41	39	17	39	0.03265932932047518	0.6878566893437169	1.689374472075765
20a.sql	873	841	27	1	602	27	26959	0	52829	0	1301259972	4341	56	46	33	105	0.021089540409489658	0.6210728855478865	2.50664598365217
1d.sql	476	463	10	0	229	10	1278	0	2544	0	24238491	342	7	6	4	5	0.1789773748341226	0.8946811804706865	1.8949037712972432
1c.sql	364	351	11	0	298	11	1325	0	2563	0	3646897	558	7	6	3	6	0.16945474070058533	0.9999818812482515	2.0163789503750538
1b.sql	410	399	8	0	224	8	584	0	1163	0	11557861	242	4	3	3	2	1.347278009770209E-4	2.694556019540418E-4	1.8949473924572158
1a.sql	289	275	12	0	272	12	1712	0	3124	0	7194783	954	7	7	142	6	0.2586797402693038	0.9998869593887112	2.0209497725227235
19d.sql	10609	289	10303	14	151	9629	21263330	0	39353968	0	1793572530050	3435422	2633	1890	1760645	78708	1.431728749714337E-4	0.6820955850457251	2.7576142368936303
19c.sql	541	466	69	0	306	69	132199	0	256120	0	9923835875	68381	104	89	3575	513	0.013000655212352576	0.8812260536398467	1.7237956826165144
19b.sql	420	400	15	0	319	15	2709	0	5266	0	62951437	2191	12	11	15	10	0.07311835424128865	0.6879766554408064	1.7302207234621385
19a.sql	772	743	23	0	572	23	17445	0	34032	0	1479718059	10306	67	63	184	68	0.059681226460656545	0.68143939262943	1.6886765615024495
18c.sql	1098	788	305	1	155	295	523961	0	1019552	0	34868785427	203051	21	17	28073	2040	0.0038007895863318157	0.9391569858534077	2.0007630333994326
18b.sql	784	742	38	0	474	38	80620	0	160624	0	5214394310	79731	21	16	11	322	0.019091013012555513	0.8854961832061068	2.004873380195298
18a.sql	1109	999	108	0	210	108	160338	0	315759	0	2778401425	35069	43	24	410	631	0.008868797020387498	0.7977567390963333	2.6086603260576617
17f.sql	7829	145	7678	5	102	7415	17262339	0	34482508	0	2950947452	2218698	50	29	1113120	68965	1.3360327650780812E-4	0.6613756613756614	1.0013565434289302
17e.sql	6972	7	6952	11	3	6243	12986574	0	25856308	0	1074139437	2208651	44	29	2832555	51713	1.8208094355751984E-4	0.7621951219512195	1.0013747404167084
17d.sql	296	100	194	0	100	192	443215	0	876264	0	66039315	75106	16	11	11538	1753	0.002342165242649926	0.5108004410510539	1.0002788915788727
17c.sql	140	81	57	0	80	57	148571	0	295371	0	8753904	11846	20	15	1918	591	0.006203101045497244	0.14680474752774972	1.0002192468917688
17b.sql	866	109	755	0	107	746	1203793	0	2366484	0	1817838649	7361	36	23	52306	4733	0.0015675114219790747	0.6120375547183883	2.0002017579789757
17a.sql	4629	102	4522	2	82	4466	8993239	0	17986296	0	4434668574	43943	38	23	258289	35973	2.3613051718931175E-4	0.8573292255810869	2.0002393000640817
16d.sql	1841	103	1734	2	60	1695	2768509	0	5437151	0	9274346254	629707	49	34	249455	10875	6.35768192348096E-4	0.8646467532338116	1.0013848461930857
16c.sql	2274	180	2088	3	93	1953	3212434	0	6239408	0	9270651602	934743	156	114	319932	12478	4.973679645749201E-4	0.517424503021213	1.0032678201793372
16b.sql	13205	7	13168	28	3	11856	25087911	0	50174643	0	2137989849	1175501	52	34	3710592	100350	8.825319469841253E-5	0.8073190606271492	2.0003569955199723
16a.sql	115	84	29	0	80	29	46643	0	93103	0	1751835197	1493	22	17	385	187	0.02678584014191284	0.8166943112027615	1.998374040947068
15d.sql	490	349	138	0	180	136	343769	0	605064	0	113471462	52929	93	74	11347	1210	0.005336402193616337	0.40376227086217453	1.0001851431495332
15c.sql	674	649	22	0	420	21	15683	0	27284	0	221838041	8019	34	30	2271	55	0.0668743904198818	0.8959987460326718	1.0004223145745619
15b.sql	280	262	14	0	206	14	3445	0	6359	0	9979584	2791	14	13	37	12	0.09943986160524083	0.4348580490418506	2.037185519233967
15a.sql	335	314	16	1	164	16	6464	0	12190	0	12949006	5567	26	23	328	24	0.12193096269619613	0.9543895305514871	1.0015569751862694
14c.sql	619	517	98	0	168	96	129781	0	238831	0	4496340213	45170	66	43	4115	478	0.003440503290867168	0.34318070920358773	1.1285858092471994
14b.sql	570	554	11	0	429	11	2164	0	4266	0	222511487	1120	10	10	1	9	0.1706368708972997	0.8537122687989444	2.062197913127571
14a.sql	417	345	66	1	137	66	87193	0	168660	0	4454959502	18816	66	51	761	337	0.006294833128479961	0.676295029579512	1.8444821906404716
13d.sql	4911	7	4894	8	4	4714	9938178	0	17624993	0	3660032139658	1256641	752	441	670390	35249	3.0574111096769136E-4	0.5562166478979201	3.278551905400834
13c.sql	478	462	12	0	458	12	4665	0	8559	0	2187875513	883	20	19	53	18	0.18492966025818647	0.7320412332598001	1.7853235179294717
13b.sql	316	298	15	0	294	14	9219	0	16321	0	2787510431	1577	34	29	372	33	0.08832508612406761	0.6810032530009846	2.72220747519873
13a.sql	2093	2	2087	1	2	2050	4301749	0	8218896	0	2558098229808	702015	707	392	111101	16437	5.943265098748486E-4	0.5679368412833652	3.1649374757695297
12c.sql	322	179	140	0	68	139	311697	0	594797	0	146598415875	239595	95	70	4711	1190	0.0061564606713394344	0.6918399257839316	2.539237142680272
12b.sql	460	446	11	0	442	11	3823	0	7277	0	308347704	337	16	15	10	14	0.2602045696265793	0.999996817284949	2.6094143995517953
12a.sql	128	92	34	0	40	33	49459	0	97229	0	31410640011	34411	103	75	397	194	0.022575146462788954	0.5719159225294413	2.49446412212726
11d.sql	1128	605	520	0	165	517	1408348	0	2764340	0	386487576	50939	63	53	14899	5528	0.0010579997905486038	0.34965049650075425	1.9971802959047897
11c.sql	1102	504	595	0	254	593	1560563	0	3066332	0	777513200	35411	310	162	6946	6133	6.070326774320751E-4	0.2727661056715417	1.2986249063327446
11b.sql	754	743	8	0	213	8	1825	0	3610	0	299504021	691	9	8	14	7	0.03478453040297657	0.11339300121796757	1.1758608585864256
11a.sql	638	604	32	0	193	32	78899	0	155456	0	2656928928	17529	32	29	310	310	0.017586975219014138	0.2815534394692281	1.079506373019181
10c.sql	1550	794	754	0	270	754	3790988	0	7581856	0	930280513751	3141406	102	54	10	15164	6.429604819151635E-4	0.7352941176470588	1.0838128895909667
10b.sql	638	631	6	0	239	6	1502	0	3002	0	286726359	523	8	7	0	6	0.0016485955065608567	0.009156598995077241	1.0088133149228737
10a.sql	382	361	19	0	268	19	16917	0	33148	0	287486515	10728	19	14	104	67	0.046672868636044314	0.8679245283018867	1.0024554676591113
