Query	Millis	PreMillis	JoinMillis	PostMillis	PreNoIndexMillis	JoinNoMatMillis	Tuples	nrFbacks	Iterations	Lookups	NrIndexEntries	nrUniqueLookups	NrUctNodes	NrPlans	JoinCard	NrSamples	AvgReward	MaxReward	TotalWork
9d.sql	3505	517	2906	44	385	2586	5362745	0	10496326	0	76581221165	1597877	261	197	483082	20993	4.112892856676443E-4	0.6811772876462443	3.0123807428701803
9c.sql	544	441	93	0	353	91	141771	0	275795	0	9261785433	61409	111	83	8144	552	0.011692378314793753	0.7915309446254072	1.720597110758033
9b.sql	664	581	73	0	487	73	13033	0	25989	0	1078256096	7573	43	37	40	52	0.074225065317838	0.6879343178923206	1.697027820211818
9a.sql	712	634	63	0	366	62	16699	0	32984	0	1406824537	9848	47	40	121	65	0.05663197420006775	0.6812868126951621	1.687985719527499
8d.sql	1041	12	1017	3	6	894	2012670	0	3838146	0	76430171786	403437	42	27	323005	7676	1.0733264191463029E-4	0.7872041406535772	1.7949996319716555
8c.sql	25851	8	25819	21	5	24594	16347616	0	31254843	0	7447396617130	6305689	66	45	2487611	62509	1.4740294862811977E-5	0.6657770223164835	1.7414228426045368
8b.sql	585	556	22	0	549	21	1875	0	3630	0	8706439	765	10	9	6	8	0.17124305344706006	0.7137878197565328	1.6512117717408534
8a.sql	411	370	37	0	348	37	38001	0	75911	0	1217007783	2370	18	15	62	152	0.04055786713672723	0.6264722317744155	2.0135922306690466
7c.sql	2199	472	1718	0	206	1704	2468434	0	4852734	0	328009055	1415598	31	24	68185	9706	6.697002348918914E-4	0.6033127337732707	1.0006407490397704
7b.sql	396	380	12	0	192	12	2992	0	5944	0	295312	1427	13	12	16	12	0.03672421160263332	0.30164591754176073	1.3422469016025056
7a.sql	565	542	17	0	352	16	12678	0	24956	0	5284321	10981	36	28	32	49	0.009729825875588965	0.04773662395354913	1.3248452415581407
6f.sql	1859	241	1605	10	85	1201	1632041	0	3235200	0	468033903	699	15	7	785477	6471	2.813323636702345E-4	0.041399717015385834	1.0000438179945894
6e.sql	402	390	9	0	160	9	3764	0	7520	0	1271200	506	16	9	6	16	0.1401484956660608	0.6254843311631638	1.9203454297589357
6d.sql	385	369	13	0	192	12	7608	0	15134	0	2423584	543	11	7	88	31	0.02555326897282309	0.4999945883527696	1.0000567955535038
6c.sql	104	95	7	0	95	7	302	0	603	0	1408	0	3	2	2	1	0.0	-Infinity	1.0
6b.sql	146	134	9	0	133	9	3365	0	6715	0	160364	360	11	7	12	13	0.1267863488104078	0.3602682446497533	1.0000619106768767
6a.sql	129	117	10	0	86	9	3210	0	6419	0	804133	465	12	7	6	12	0.10543315018962186	0.5404669767654758	1.9203827400408804
5c.sql	944	931	9	0	576	9	4034	0	8064	0	10757302	1690	11	7	669	16	0.21027971451233424	0.9976098503955935	2.018040961706457
5b.sql	452	444	6	0	292	5	751	0	1502	0	0	335	5	4	0	3	2.7547997568176224E-4	6.382989588067384E-4	1.0008220776834387
5a.sql	550	538	7	0	347	7	752	0	1502	0	18805716	644	5	4	0	3	0.009239812023837035	0.026562818333673462	1.0188492349296256
4c.sql	661	567	92	0	265	91	38517	0	71124	0	145637680	8965	15	7	4700	142	0.006777157526179428	0.2365217118011583	1.000433521319104
4b.sql	136	117	17	0	55	16	8068	0	16023	0	3148070	538	13	9	6	32	0.0712455996616939	0.46175985222951355	1.9313438890005266
4a.sql	326	305	17	1	90	17	19127	0	37067	0	138357194	4857	14	7	740	74	0.01071374704346931	0.2307585704720344	1.0006111538366216
3c.sql	441	414	25	0	216	24	29845	0	58548	0	113305123	14689	10	5	7250	117	0.007638875690954961	0.19582439146667546	1.000296360924658
3b.sql	135	126	7	0	102	7	5674	0	11340	0	3031812	980	11	6	5	22	0.09410671575290848	0.5	1.00055691498526
3a.sql	389	243	143	0	167	142	375681	0	751023	0	78590357	72340	15	7	206	1502	0.004549898770843776	0.6728325200033511	1.0002376809269296
33c.sql	315	281	28	0	109	28	16979	0	32192	0	51789056	5150	67	65	114	65	0.015967496126346317	0.12865273605867356	1.0373078095531256
33b.sql	205	178	22	0	64	22	10232	0	19966	0	25429385	5720	41	40	4	39	0.031031863543909254	0.10041338910553403	1.719983467006883
33a.sql	221	176	39	0	56	39	38378	0	76236	0	669987836	14929	93	88	8	152	0.03116266969914677	0.6426324224126027	2.021709319449768
32b.sql	183	0	182	0	0	180	634697	0	1241929	0	172968759	47878	45	18	4388	2483	0.0025901855173824837	0.4769352569456381	1.2350099119788422
32a.sql	6	0	3	0	0	3	1504	0	3006	0	46999	507	8	7	0	6	3.535636861364733E-4	9.65849305713384E-4	1.0010179055372972
31c.sql	583	433	142	1	193	142	276871	0	543496	0	3623274929	68302	200	181	2825	1087	0.0014535326959993328	0.2897667690349696	1.1120087743898046
31b.sql	810	767	34	0	516	33	22164	0	42205	0	63659413	2672	86	81	84	85	0.027451851221168836	0.7303499897274802	1.018347776782137
31a.sql	588	483	98	0	204	98	162324	0	315495	0	813225695	44516	157	134	1273	630	0.0025385699916339326	0.20512465226648416	1.1569875775636647
30c.sql	665	464	193	0	184	191	247541	0	434926	0	1504126113	140021	154	139	8024	869	0.0020126312298488587	0.02036090714061033	1.0240390519738605
30b.sql	936	907	20	0	634	20	8558	0	16230	0	139104632	3608	35	34	28	33	0.06291863487194875	0.6862184015883864	1.013176375153427
30a.sql	661	503	150	0	208	150	148111	0	287358	0	1441317021	87724	241	204	757	575	0.0031268954876003067	0.02337696960640257	1.0649749654720133
2d.sql	164	7	154	1	3	144	328400	0	656776	0	1753285631	13858	13	7	68316	1313	0.004575391818185053	0.3757221490223965	1.9982638940692596
2c.sql	4	1	2	0	0	2	257	0	514	0	2594936	62	3	2	0	1	0.0	-Infinity	1.0013315855904048
2b.sql	92	2	89	0	1	88	204773	0	409428	0	1751474075	14570	18	8	5228	818	0.007218774740345053	0.3847146504909264	2.0012085778839803
2a.sql	100	2	97	0	1	95	208232	0	416435	0	1750459369	14174	16	7	7834	832	0.007101079312922096	0.3802209039972662	1.9988384505295287
29c.sql	2701	450	2239	0	299	2236	3482477	0	6292655	0	182988532083	771106	6541	5976	16308	12585	8.128530163549027E-4	0.7601246105919003	4.772404806292071
29b.sql	422	359	53	0	259	53	37493	0	68760	0	139051264	8215	140	139	15	138	0.021251915689365578	0.6894163286617201	2.4664853038899226
29a.sql	2778	372	2394	0	266	2393	3285634	0	5434826	0	204091209175	162923	9112	9109	1620	10869	9.901303440667E-4	0.6845918049750154	3.941384119258744
28c.sql	863	705	147	1	338	145	178353	0	317517	0	6358196103	74460	310	287	8373	636	0.0025909442624521477	0.3431733546718148	1.1360307317968288
28b.sql	465	316	141	0	225	141	171910	0	336196	0	9671199110	113240	421	391	148	673	0.013430879100309157	0.8472222222222222	2.9808066670543063
28a.sql	788	576	202	0	231	201	271573	0	493303	0	9681852243	82931	624	585	4803	986	0.003221666343195303	0.6673773250620592	2.499300516001032
27c.sql	818	776	34	0	260	34	24607	0	43547	0	981750185	7819	89	88	743	87	0.01191295038230618	0.17431917846683415	1.0805696576579082
27b.sql	403	369	25	0	135	24	15469	0	28488	0	707489429	6519	58	57	247	56	0.018464236940045724	0.21485228380331395	1.0942786583891886
27a.sql	792	756	28	0	306	28	18684	0	33768	0	1158522207	5423	69	68	477	67	0.016178653550106604	0.17479658498601158	1.0892078374883372
26c.sql	757	345	405	0	185	403	645332	0	1231763	0	11556162463	350146	164	142	5400	2463	0.0012086901107382128	0.6072828594945514	2.549342245176533
26b.sql	475	335	134	0	199	133	262698	0	516804	0	46836140417	226917	174	154	93	1033	0.007490106429665424	0.6865073605281373	2.0049779344166927
26a.sql	795	399	389	0	265	389	601663	0	1188961	0	14929575733	299947	165	135	1728	2377	0.0012444103183494332	0.687941612024585	2.5640576863273745
25c.sql	779	503	270	1	171	264	426186	0	757746	0	1466864963	182815	137	109	26153	1515	0.0011544486763349062	0.014224617702945103	1.0227833836422682
25b.sql	570	554	11	0	202	11	2427	0	4694	0	98450213	1166	12	11	6	10	0.0941778951147166	0.9041095890410958	1.025827142707461
25a.sql	615	507	103	0	188	101	143005	0	269271	0	1062398805	98926	86	66	4407	539	0.0028317583494980657	0.025198766996934293	1.0508935666896015
24b.sql	522	461	52	0	289	52	7754	0	14575	0	195853324	1778	32	31	45	30	0.10531110224979248	0.8192377655513348	2.507198112417187
24a.sql	540	471	55	0	370	55	66671	0	131145	0	10161053943	12903	196	179	275	262	0.007464486163740074	0.6812010582508515	2.0673471475784058
23c.sql	647	623	19	0	444	19	13272	0	24264	0	414409272	6925	51	50	628	49	0.051290554085620665	0.7831715210355987	1.9631581006040508
23b.sql	445	422	19	0	267	19	10749	0	20704	0	808066395	6814	44	43	16	42	0.08276531547585916	0.7923746288981006	2.6618743954978554
23a.sql	540	509	28	0	353	28	30962	0	56174	0	812098252	21896	114	111	618	112	0.02697375223913607	0.6152993820880504	1.6940501653399411
22d.sql	593	376	211	1	123	203	366039	0	658764	0	11658153533	45797	249	213	46281	1317	0.0012635357654669718	0.34318070922450267	1.1422983572026213
22c.sql	617	437	172	1	181	169	296956	0	534455	0	10559954948	61594	285	229	21489	1068	0.0015587133146890283	0.343183279829734	1.1382794304140134
22b.sql	485	415	65	0	212	65	65832	0	129216	0	3507955424	26304	229	195	31	259	0.006299787196029033	0.3376549150178755	1.1086755667769685
22a.sql	623	528	90	0	320	90	120492	0	218531	0	3709961795	35890	202	184	2851	437	0.0037081055226919216	0.33752199557445267	1.110839949250389
21c.sql	612	578	30	0	255	29	41996	0	76456	0	2235360900	7755	77	66	1874	153	0.007048655402390576	0.1649928263988522	1.0794267944608864
21b.sql	639	612	23	0	178	23	20306	0	40240	0	3783131994	10930	44	40	38	81	0.05669763660760858	0.8069427029384506	2.0676394281288015
21a.sql	649	618	26	1	368	26	30982	0	57292	0	2188332993	4533	95	79	1410	114	0.0094321792205621	0.2258890041146757	1.0832964401473488
20c.sql	725	349	372	0	211	371	569259	0	1021367	0	17828796727	79895	75	62	5406	2042	0.001492022058117292	0.6072184256954792	2.574573930869759
20b.sql	745	722	18	0	608	18	8545	0	16430	0	103783799	1696	34	32	17	32	0.03996672318966177	0.6878960051482027	1.6885137840899993
20a.sql	838	801	33	0	622	33	29559	0	57824	0	2162836898	7423	58	52	33	115	0.01950797171217479	0.5897253639699228	2.5084552433178287
1d.sql	391	380	8	1	199	8	777	0	1543	0	9159787	450	5	4	4	3	0.2982794006345112	0.8946673672823051	1.89483672954717
1c.sql	246	235	9	0	211	9	545	0	1068	0	4494022	174	4	3	3	2	0.4999909422587109	0.9999818845174218	2.0141818783534395
1b.sql	391	380	9	0	194	9	1271	0	2537	0	11555367	308	7	6	3	5	0.1790530891619871	0.8946604697681662	1.8949473924572158
1a.sql	529	517	10	0	515	10	1744	0	3219	0	7195260	857	7	6	142	6	0.2566835200658944	0.9998753000227685	2.0170337051358076
19d.sql	8218	261	7939	15	116	7618	19580014	0	35496251	0	1590231471864	2825653	937	659	1760645	70993	1.6159853268524942E-4	0.6812607140600976	2.6321347866600404
19c.sql	468	397	67	0	256	67	142496	0	273802	0	9616682821	73714	270	223	3575	548	0.011761772492358718	0.7896440129449839	1.7223124646603616
19b.sql	514	495	13	0	419	13	2747	0	5418	0	50974971	1269	12	11	15	10	0.07427949387247315	0.6878576192157456	1.7412150628597831
19a.sql	677	653	20	0	474	20	16595	0	32543	0	1344615667	9586	60	54	184	66	0.06965764043122624	0.9516129032258064	1.6882047522715884
18c.sql	772	495	273	0	152	265	533038	0	1009671	0	34860880493	220235	19	14	28073	2020	0.0037753702452093386	0.845679012345679	2.0006570926530642
18b.sql	714	674	36	0	351	36	81233	0	162407	0	5225376668	80376	23	18	11	324	0.01673734152430609	0.5264367816091954	2.003149666448656
18a.sql	1040	922	116	0	217	115	209819	0	415016	0	5889845980	37244	46	28	410	830	0.007285957342370496	0.8315988504679238	2.6168781074016354
17f.sql	4962	126	4829	5	93	4665	11338150	0	22676296	0	3540016078	24008	32	20	1113120	45352	1.763863850264233E-4	0.5902255446531035	1.9998630979710141
17e.sql	10831	6	10811	12	2	10313	24204804	0	48266223	0	3096480650	3233737	58	32	2832555	96533	9.860005543419777E-5	0.8143322475570033	1.0013413721151683
17d.sql	256	116	139	0	116	138	408096	0	814184	0	37692189	39798	26	18	11538	1629	0.0026075826191229255	0.6546853331457679	1.000270380604765
17c.sql	97	58	37	0	58	37	88441	0	176506	0	9121232	11888	22	19	1918	353	0.010074559800592336	0.09497208091045044	1.0001865661351284
17b.sql	962	104	855	1	102	850	1240453	0	2439798	0	1884271900	11166	40	27	52306	4879	0.00149252917734629	0.47779239064022117	1.9996119440049247
17a.sql	1487	121	1362	2	104	1326	2178777	0	4188412	0	1914516538	54054	18	11	258289	8377	9.07929519049511E-4	0.4326114564603246	1.9996965281713905
16d.sql	1611	113	1492	3	66	1425	2780063	0	5461248	0	9274043706	640656	55	40	249455	10922	5.787974007148683E-4	0.5645063815435521	1.0014243627471635
16c.sql	844	138	701	3	67	614	1346313	0	2518851	0	1802105494	309229	69	50	319932	5037	0.0011683713899242956	0.38475056223136295	1.999979038047232
16b.sql	11289	27	11229	32	24	9975	23018260	0	43649027	0	764567908	4298225	66	46	3710592	87298	1.0534975759853571E-4	0.6527415143603134	1.0016015443737014
16a.sql	65	25	38	0	21	38	91378	0	182407	0	385010	72156	49	34	385	365	0.015627810241155515	0.7038123167155426	1.000196992894861
15d.sql	430	364	64	0	197	63	125666	0	229232	0	434133342	21343	67	43	11347	459	0.00915823250344744	0.41526617605712646	1.9892089526561985
15c.sql	539	515	21	0	345	21	18707	0	33195	0	227352372	5305	45	39	2271	67	0.05579952516028371	0.8314125119359796	1.000975980581092
15b.sql	322	306	12	0	249	12	3083	0	5924	0	14457265	3194	14	13	37	12	0.08796106737027783	0.685702981081162	1.8724614525578662
15a.sql	330	312	15	0	160	14	6555	0	12265	0	2316598	5639	26	25	328	24	0.13279866635109575	0.9112215225164227	1.0025467513663893
14c.sql	525	435	86	0	118	84	116998	0	215793	0	3662504330	33588	85	57	4115	432	0.003800837402260574	0.31728573024819334	1.1268435825060303
14b.sql	503	489	10	0	290	10	2127	0	4246	0	222689189	942	10	9	1	8	0.03607217273170224	0.16049556056762182	1.2918667484623119
14a.sql	596	531	61	0	324	61	86444	0	168833	0	4403670161	17298	89	62	761	338	0.006270263233534159	0.6764079598433359	1.844190044963445
13d.sql	4700	7	4681	9	3	4527	10151844	0	18141492	0	3576307624107	1139123	771	421	670390	36282	2.7861180189594126E-4	0.5584442937917163	3.2294969087325427
13c.sql	245	232	10	0	228	10	4207	0	7571	0	1316177782	581	16	16	53	15	0.18101784399423462	0.8422587816055623	1.784683872050422
13b.sql	209	191	15	0	188	14	10638	0	19056	0	3831257068	1395	39	31	372	39	0.09094266872387034	0.7800750725840948	2.7674185812314565
13a.sql	2217	2	2211	2	1	2176	5084522	0	8910023	0	2258320716802	728858	725	434	111101	17821	6.305727678429507E-4	0.5582784434567046	3.8794118255337238
12c.sql	319	158	158	0	69	157	363733	0	675508	0	147415696883	234169	90	67	4711	1352	0.005842988770237207	0.8078913207406907	2.539587108868913
12b.sql	441	429	10	0	425	10	2008	0	3967	0	125549589	277	9	8	10	7	0.2282879604046108	0.9999974433145453	2.5974708592889777
12a.sql	116	84	29	0	41	29	40566	0	79337	0	22685121556	34600	89	66	397	158	0.026487093895708406	0.5033119777396142	2.4865202511825006
11d.sql	859	483	374	0	148	371	997226	0	1963004	0	271851227	64795	43	33	14899	3926	0.0017276958161982344	0.9750845590622909	2.000211582489143
11c.sql	799	625	171	0	278	169	520405	0	1017175	0	294396911	19290	225	133	6946	2034	0.001049277462720534	0.21999299829449392	1.2445453197820924
11b.sql	744	732	9	0	207	9	2261	0	4156	0	126009272	807	10	9	14	8	0.01593079233789456	0.061432604586305055	1.1264340924547935
11a.sql	716	699	14	0	246	14	13032	0	25085	0	1829876739	2538	45	34	310	51	0.021380928169499845	0.19117251579938146	1.0866232931885114
10c.sql	1149	758	389	0	266	388	1975231	0	3950236	0	770902256483	935	64	41	10	7901	0.0011512783728010632	0.8064516129032258	1.0837700668073282
10b.sql	701	695	5	0	217	5	838	0	1634	0	317295454	327	5	4	0	3	0.0029888755670220593	0.008942768164366765	1.0080822924320352
10a.sql	354	334	18	0	233	18	16802	0	33076	0	290629567	10671	19	15	104	67	0.04805325687654569	0.9092695415539358	1.002022143781085
