Query	Millis	PreMillis	JoinMillis	PostMillis	PreNoIndexMillis	JoinNoMatMillis	Tuples	nrFbacks	Iterations	Lookups	NrIndexEntries	nrUniqueLookups	NrUctNodes	NrPlans	JoinCard	NrSamples	AvgReward	MaxReward	TotalWork
9d.sql	2647	565	1998	46	430	1659	3729920	0	7411520	0	76342192585	1026787	157	116	483082	14824	5.324223744705553E-4	0.6812439120110607	2.4448985378546886
9c.sql	780	666	105	0	584	103	145603	0	276059	0	9642464756	63794	118	93	8144	553	0.012256072008367687	0.9341563786008231	1.7222424184787493
9b.sql	759	718	30	0	561	29	13150	0	26224	0	1019693826	7391	42	38	40	52	0.0706030335102238	0.687820408013821	1.6960371234424136
9a.sql	881	849	25	0	646	24	16057	0	31768	0	1386939302	9314	45	40	121	64	0.06728124000867629	0.762341058695366	1.6881045273007542
8d.sql	1051	22	1023	3	13	890	2069918	0	3952828	0	76423638025	623435	43	30	323005	7906	1.0419373197279723E-4	0.7872053190305023	1.7948713259781073
8c.sql	15300	17	15260	19	13	14536	32379197	0	62860887	0	6363202919226	7931210	96	67	2487611	125722	8.488509084447551E-5	0.7183908045977011	1.730581503895626
8b.sql	596	569	20	0	561	20	1816	0	3610	0	7155978	1086	9	9	6	8	0.16421885332718292	0.638521326141499	1.67309417936828
8a.sql	364	334	27	0	320	27	38805	0	77588	0	1217113151	3127	17	14	62	155	0.040613794885511145	0.6274269100306897	2.0131305313218197
7c.sql	2270	567	1695	0	351	1671	2466551	0	4852308	0	327876018	1414541	30	25	68185	9705	6.762724637350467E-4	0.5640096278756039	1.000660331434891
7b.sql	313	276	32	0	152	32	4368	0	8417	0	876538	2735	18	17	16	16	0.025012533929798526	0.3237087251630882	1.0276425700503171
7a.sql	520	485	21	1	298	21	21543	0	42587	0	11280207	5057	31	26	32	85	0.028572732738319076	0.38687462405901457	1.013141278094022
6f.sql	30413	267	30133	10	115	29823	1622008	0	3215112	0	467552079	686	10	6	785477	6430	2.848370897588407E-4	0.04518591651404842	1.0000802749348892
6e.sql	270	259	9	0	147	8	2663	0	5324	0	934289	484	11	7	6	11	0.16748777265829082	0.5772129693019117	1.9203393322558329
6d.sql	283	269	11	0	112	11	7597	0	15113	0	2419828	649	11	7	88	30	0.026405032504568934	0.4999945883524474	1.000140041237577
6c.sql	160	150	8	0	150	8	1534	0	3068	0	191518	3	7	7	2	6	0.10391723775366558	0.49681099501306264	1.5767813240426365
6b.sql	166	155	8	0	155	8	3365	0	6715	0	643534	354	11	7	12	13	0.12787891977035656	0.3602682446497533	1.0000619106768767
6a.sql	144	133	9	0	106	9	2762	0	5520	0	983220	10	11	7	6	12	0.1452014530337414	0.6254843336861704	1.9203827400408804
5c.sql	718	706	8	0	394	8	4071	0	8130	0	10761865	2328	11	6	669	16	0.20608255755206512	0.9976101578446739	2.0178480069368256
5b.sql	408	399	6	0	242	6	751	0	1502	0	130486882	574	5	4	0	3	0.02091164275170923	0.06216811877970731	1.0536616014123286
5a.sql	729	720	6	0	621	6	752	0	1502	0	18805786	702	5	4	0	3	0.00893654317765948	0.026562818333673462	1.0179449389987556
4c.sql	631	597	32	0	169	31	38522	0	71124	0	171681428	8980	15	7	4700	142	0.006778910492305427	0.2365204656685222	1.0006836664212602
4b.sql	95	85	7	1	53	7	11381	0	22461	0	2847819	392	13	10	6	44	0.07140271771467539	0.5071868583162218	1.0005580202189837
4a.sql	395	372	21	0	127	20	19123	0	37254	0	142586239	5114	14	7	740	74	0.009493110755641396	0.23004721835364403	1.0005446480787932
3c.sql	546	516	27	0	290	26	29845	0	58548	0	113304837	14656	10	5	7250	117	0.007639022292070285	0.1958243914667223	1.000313513269498
3b.sql	114	105	7	0	78	7	4812	0	9616	0	2931143	660	10	6	5	20	0.13833312261440428	0.8909774436090225	1.0006907864024155
3a.sql	515	355	158	0	225	158	375681	0	751023	0	78590357	72496	15	7	206	1502	0.004549886408102438	0.6728325200033511	1.0002204392808387
33c.sql	484	438	39	0	124	38	46297	0	91416	0	1414761050	38861	121	110	114	182	0.026787752069597378	0.6137975499677628	2.0020455184912263
33b.sql	348	325	18	0	120	18	8034	0	15752	0	79580813	2053	33	32	4	31	0.03203882667890063	0.16246779751748133	1.0523413372125758
33a.sql	261	234	20	0	64	20	11447	0	22140	0	16998670	2906	47	46	8	45	0.022391050224175046	0.12437885609471404	1.0086363540017345
32b.sql	142	0	140	0	0	139	446875	0	887575	0	101107625	43275	50	23	4388	1775	0.0035222131661389886	0.5661286724835027	1.224246981931311
32a.sql	5	0	3	0	0	3	753	0	1506	0	213	470	5	4	0	3	5.0721427884338446E-5	9.690259746423701E-5	1.0001515477161023
31c.sql	509	434	67	0	120	66	105012	0	204466	0	185342816	17566	53	49	2825	408	0.003356031723351958	0.31329707486340413	1.014931432329264
31b.sql	1025	987	28	0	624	28	15613	0	29226	0	124289966	3162	61	59	84	59	0.04063338151576129	0.6122667227877067	1.0441325402556556
31a.sql	684	478	199	0	213	199	324137	0	642487	0	5362845232	93808	157	135	1273	1284	0.004933693438164636	0.46087012386727383	1.9993339189496848
30c.sql	766	458	300	0	162	297	243718	0	434535	0	1543609065	146398	150	137	8024	870	0.002017721973521882	0.016096756936801966	1.0241498148647443
30b.sql	637	601	24	0	319	23	13305	0	24564	0	150633106	5876	51	50	28	49	0.04637461339517607	0.5642642415767095	1.0240063204803334
30a.sql	900	677	215	0	191	215	161124	0	316024	0	1407354084	149669	167	154	757	633	0.002823865272964668	0.021956519961085615	1.0582183310579774
2d.sql	189	10	178	0	3	168	408379	0	816736	0	1752821197	13746	10	7	68316	1633	0.004095265220447207	0.6718447138229725	1.9994794368884932
2c.sql	5	0	3	0	0	3	758	0	1514	0	7920	265	5	4	0	3	2.7635595188750186E-5	6.565645379209527E-5	1.0000821247982836
2b.sql	93	1	91	0	1	90	203631	0	407248	0	1753609908	13844	17	9	5228	814	0.007276835259871728	0.3807914010714489	2.001208055117214
2a.sql	99	2	96	0	1	94	207587	0	415151	0	1752508055	13977	11	7	7834	831	0.007885605481403917	0.8106727689649122	2.000274160831624
29c.sql	2945	398	2536	1	252	2534	3411008	0	6188396	0	210237104986	741019	6793	6673	16308	12376	0.0010246398713610453	0.787902622709196	3.930470610988991
29b.sql	397	332	51	1	247	51	37339	0	67264	0	146729948	6754	136	135	15	134	0.021049941486387946	0.6845793737890408	2.4540663809354832
29a.sql	1409	310	1086	0	189	1085	1246892	0	1985296	0	337209409	124296	3972	3971	1620	3970	6.971011099961335E-4	0.6845671277948716	2.498044873505959
28c.sql	784	613	160	0	280	158	175552	0	311544	0	7348850972	85071	363	347	8373	624	0.0026471722605451173	0.34318070922450267	1.1372019760778087
28b.sql	568	395	164	0	245	163	182890	0	348152	0	9332808615	105397	445	420	148	697	0.012623738409122601	0.8450036793632023	2.9593685536546706
28a.sql	1050	809	229	1	516	228	295548	0	522076	0	9004742544	142273	624	571	4803	1045	0.0029855066795385714	0.6667493227798289	2.159310199393237
27c.sql	1048	1010	30	0	374	29	22020	0	38580	0	986035137	6009	79	77	743	77	0.014023423113543135	0.18658270361041143	1.0867339035231358
27b.sql	660	631	22	0	208	22	11005	0	20140	0	510703306	4102	42	41	247	40	0.02587729068852706	0.23697645517750981	1.0931078192841421
27a.sql	775	743	24	0	211	23	14998	0	26861	0	754624228	5720	56	55	477	54	0.019893760166253414	0.22274015622403726	1.0817499558755774
26c.sql	843	281	555	1	185	555	990869	0	1934370	0	11902257211	108528	183	160	5400	3868	7.372491467096472E-4	0.6879546390648107	2.550597931901586
26b.sql	306	183	117	1	117	117	162907	0	312659	0	13485486571	176818	357	315	93	625	0.0038709396005944677	0.610459106366224	2.298890584615468
26a.sql	753	413	334	0	250	334	554286	0	936882	0	22749546705	109305	166	146	1728	1873	0.0015445316218017139	0.6879416123351146	2.594503793094723
25c.sql	603	371	227	1	162	222	408290	0	730801	0	1316997326	202493	121	95	26153	1462	0.0011962814306805186	0.021103639450368722	1.0186725743586837
25b.sql	434	420	10	0	169	10	2784	0	5380	0	93926055	1124	13	12	6	11	0.1074511417388968	0.84849778344527	1.0174799443392106
25a.sql	544	448	93	0	192	92	138059	0	258994	0	1114638259	101340	92	82	4407	518	0.002962715074062622	0.026715359952241027	1.0625676809891802
24b.sql	437	414	16	0	336	16	5468	0	10063	0	189641011	1354	21	21	45	20	0.15326557335531782	0.8192540521420374	2.506574558424596
24a.sql	625	575	44	0	445	43	46775	0	91471	0	5449570693	7352	158	138	275	182	0.010193395232691376	0.6813909763601802	2.0441495270514474
23c.sql	506	477	24	0	296	24	18193	0	33195	0	517708491	9358	68	63	628	67	0.03893037698216823	0.8287671232876712	1.9748800566510587
23b.sql	507	464	38	0	312	38	9060	0	17684	0	654920850	5410	38	37	16	36	0.09057635017044843	0.8127490039840637	2.673038484871375
23a.sql	872	741	119	1	581	119	26151	0	48764	0	2102867492	15512	100	97	618	98	0.03244677461306874	0.7831715210355987	2.662824928599066
22d.sql	554	301	247	1	138	240	383827	0	685416	0	7572463264	67809	162	136	46281	1371	0.0012042913447569152	0.34318070922450267	1.1348528953512722
22c.sql	728	525	196	1	244	193	352502	0	622226	0	9282198593	77884	219	176	21489	1244	0.0013335349644024745	0.34318590304116625	1.1357524608250658
22b.sql	460	392	62	0	165	62	70290	0	139260	0	5144773392	30017	161	145	31	279	0.005875521116288647	0.33761738631762406	1.1115416177170125
22a.sql	540	435	100	0	185	99	122494	0	224055	0	4428436389	39667	221	196	2851	448	0.003622769270590294	0.33758093609409884	1.113313880201008
21c.sql	859	832	21	0	286	20	20013	0	37067	0	1761877069	3592	46	41	1874	75	0.014383664265476132	0.23900136753277076	1.0789788568838996
21b.sql	664	644	16	0	157	16	11469	0	22204	0	722934640	5357	46	40	38	45	0.024168178407488843	0.21360201511335014	1.0877051131019544
21a.sql	785	746	34	0	362	33	44320	0	80083	0	2714291823	5669	67	59	1410	161	0.006719734038410166	0.2146541306904885	1.081234892647489
20c.sql	658	366	287	0	251	285	428965	0	843940	0	18595124156	89689	88	76	5406	1687	0.0017286731572853954	0.6878921643854656	2.577690927556302
20b.sql	776	752	19	0	636	19	7643	0	14508	0	99633975	1925	31	30	17	29	0.052321177544262715	0.6880096757784105	1.6885388536500432
20a.sql	963	925	32	0	555	32	33625	0	64839	0	1556497042	5282	64	52	33	129	0.017589334430060753	0.5897411498353914	2.5071871054940287
1d.sql	568	558	9	0	266	9	1031	0	2044	0	11414827	280	6	5	4	5	0.17900148227570342	0.8946597159418599	1.8948378585434604
1c.sql	268	255	11	0	201	11	1076	0	2126	0	4494382	501	6	6	3	5	0.20395502282695244	0.9999818845174218	1.0196074565847049
1b.sql	650	640	8	0	232	8	1022	0	2041	0	11556163	299	6	5	3	4	0.2238842763459513	0.8946800865287566	1.8949560649043349
1a.sql	168	152	13	1	149	13	1851	0	3493	0	7213991	1065	8	7	142	7	0.2253917627418566	0.9998869389890895	2.0170780695367254
19d.sql	8226	358	7852	13	149	7313	16778949	0	30520333	0	1764022465226	3342647	1620	1227	1760645	61041	1.765504477405083E-4	0.6811585681534612	2.477164234731334
19c.sql	595	521	70	0	323	69	156689	0	299657	0	11046380470	76962	232	191	3575	599	0.010257024009457777	0.6813702835500322	1.728613737539816
19b.sql	652	635	12	0	561	12	857	0	1623	0	40755307	582	5	4	15	3	0.24071182770411548	0.687933227612254	1.7219492051578937
19a.sql	695	670	20	0	477	20	17008	0	33367	0	1406909007	9555	61	57	184	66	0.05692151402040383	0.6813671012160312	1.6884102994344958
18c.sql	778	531	243	0	150	234	525144	0	1021828	0	34865179883	203205	25	18	28073	2044	0.0036219290923159273	0.712498037175111	2.0003877250737467
18b.sql	874	857	14	0	426	14	19990	0	39609	0	292189447	18262	19	14	11	79	0.04548650266283346	0.5569070035827073	2.001994635185068
18a.sql	940	858	79	0	238	78	152484	0	303100	0	3828418384	29125	55	31	410	606	0.009358006482906935	0.7978863537831723	2.61151466217808
17f.sql	6959	129	6824	4	99	6715	16304782	0	32539128	0	2938317934	2218282	31	22	1113120	65079	1.481077271025527E-4	0.8833922261484098	1.0002478594988982
17e.sql	6964	7	6944	11	3	6392	14620431	0	29237195	0	2329535009	557658	123	70	2832555	58474	1.4010196737082432E-4	0.4430595569012412	2.00294850471539
17d.sql	347	115	230	1	115	230	707946	0	1405724	0	37302567	39876	18	14	11538	2812	0.001488023441231604	0.5827428871076076	1.0001742010586323
17c.sql	133	93	38	0	93	37	89344	0	178425	0	8713717	11703	28	19	1918	356	0.009834506087723351	0.11819030360567212	1.0001546918977455
17b.sql	1067	108	958	0	106	954	1241706	0	2442293	0	1884471186	11734	38	29	52306	4884	0.0014912257744958196	0.47779239064398016	2.0002989036857395
17a.sql	1535	109	1423	2	93	1400	2179268	0	4189359	0	1914566211	54456	19	14	258289	8378	8.702075124943304E-4	0.4260232918701067	1.9996398658934589
16d.sql	1841	102	1734	3	59	1688	5278065	0	10411575	0	79430447	1007413	127	82	249455	20824	4.6624923527930376E-4	0.9259259259259259	1.0032053295388377
16c.sql	1806	171	1630	3	81	1578	3624436	0	7121560	0	72542959	1524469	47	30	319932	14243	5.765238041750027E-4	0.639386189258312	1.0012770500385375
16b.sql	10849	6	10812	29	3	10312	22653967	0	45149491	0	2502102406	1871823	221	149	3710592	90299	9.285283329828768E-5	0.4429373132256106	2.174327576034733
16a.sql	140	86	52	0	82	52	100811	0	201467	0	276273	79714	25	19	385	403	0.01420471854654481	0.6531250000000001	1.0002471672186313
15d.sql	332	287	41	0	112	40	58268	0	105215	0	359016743	36584	56	39	11347	211	0.020016004633621125	0.29957567976810406	1.9887982329814349
15c.sql	440	414	23	0	206	22	23666	0	44173	0	229642976	14508	49	42	2271	88	0.040297737220742584	0.9131282456561421	1.0002595327474018
15b.sql	410	394	12	0	334	12	3381	0	6353	0	3408149	3409	14	13	37	12	0.057332215088665726	0.43403116376537954	1.7722479841139451
15a.sql	384	364	17	0	250	17	8321	0	15200	0	14134335	7353	32	31	328	30	0.10480041602129002	0.933384721980403	1.0010079773790097
14c.sql	452	378	70	0	157	69	117131	0	214407	0	3686460220	33537	89	56	4115	429	0.003823527608395226	0.3196828135145953	1.1271522082223908
14b.sql	737	724	8	0	610	8	2184	0	4255	0	203057821	965	10	9	1	8	0.07069209410506525	0.432967032967033	1.5623252531751544
14a.sql	664	590	71	0	341	70	88892	0	168543	0	4435078492	29285	86	53	761	338	0.0062839626985350975	0.6761311602520346	1.8443166559223434
13d.sql	5034	7	5016	8	3	4896	10322111	0	18539664	0	3669178760739	1319917	674	395	670390	37080	2.835907289216858E-4	0.7992277992277992	3.196020234495544
13c.sql	401	385	11	0	381	11	5024	0	9274	0	2356526632	675	20	19	53	18	0.13282138493750184	0.669134655721891	1.7856110300949881
13b.sql	281	260	18	0	256	17	14359	0	25609	0	5345767453	1530	40	31	372	51	0.05735161247058767	0.6705657153585787	2.7165488586232662
13a.sql	2183	1	2177	2	1	2148	4440177	0	8351204	0	2636026846131	513954	550	291	111101	16703	6.271076238663633E-4	0.7894073139974779	3.180252640991217
12c.sql	373	163	207	0	76	205	561454	0	1043462	0	233952052620	402601	110	83	4711	2087	0.003985605042946456	0.7067664647850951	1.5907530393209095
12b.sql	392	379	10	0	375	10	2974	0	5723	0	347881974	482	13	12	10	11	0.3154322558929066	0.9999931621319604	2.626802146855391
12a.sql	109	80	27	0	42	27	37999	0	74740	0	20844939348	32668	79	53	397	149	0.028390926363900493	0.5277158859513177	2.4873748197983807
11d.sql	592	482	108	0	137	105	372583	0	729075	0	53670303	17777	30	25	14899	1458	0.003835268295945037	0.3829788754749666	1.0002539760440616
11c.sql	701	529	169	0	165	168	532078	0	1023720	0	479466162	21629	192	103	6946	2048	0.0010997682004415745	0.2528045300029098	1.2445673113857183
11b.sql	776	766	7	0	238	7	1930	0	3747	0	263279084	165	9	8	14	7	0.04112886231336923	0.21008767543421009	1.0777757554116498
11a.sql	478	457	18	0	117	18	21657	0	39859	0	1322497336	2906	55	42	310	79	0.013640517074407383	0.11878267864324978	1.0839358654898779
10c.sql	1482	691	790	0	308	790	3791614	0	7582856	0	929819320704	3141672	138	63	10	15166	6.428844804107578E-4	0.7352941176470588	1.0839731187656907
10b.sql	590	583	5	0	215	5	1009	0	2002	0	317287669	282	6	5	0	4	5.0745839101621224E-5	1.247005271558039E-4	1.0001780448990516
10a.sql	340	318	20	0	244	20	25248	0	45948	0	308095645	10990	16	11	104	91	0.02976271103803848	0.5150114271433957	1.007261737309385
